tf,full,full_orig,interm,interm_orig,sta
0.05,0.7648350691103842,0.7615695529160048,0.6716065269788688,0.6754713167476957,0.6589848968524864
0.05454545454545454,0.8041523459935358,0.7997579393813802,0.716494468983647,0.7204447411459418,0.703333906512865
0.05909090909090909,0.8372262238561358,0.8319675344046659,0.7560894329927199,0.7600518992320184,0.7426256920146624
0.06363636363636363,0.8648517215615681,0.8590663899606203,0.7907237254225465,0.7946381424207761,0.7771680492849822
0.06818181818181818,0.8877938236175154,0.8818122406216178,0.8208002534055636,0.8246195271237224,0.8073354470475376
0.07272727272727272,0.9067602902424143,0.9008580162136873,0.8467559850454228,0.8504454432279882,0.8335344258138089
0.07727272727272727,0.9223867412884527,0.9167662430079518,0.8690359514955267,0.8725719366817941,0.8561797847610179
0.08181818181818182,0.935230941137891,0.9300228588651557,0.8880742862676233,0.891442439300607,0.875677090705906
0.08636363636363636,0.9457732322218769,0.9410476703425227,0.9042814656068358,0.9074749352083783,0.8924108567713125
0.09090909090909091,0.9544210465476568,0.9502021112408044,0.9180364255423887,0.9210541716692355,0.9067372069703167
0.09545454545454546,0.9615158512736687,0.9577956008226087,0.9296824238615302,0.9325277090574154,0.9189799648580719
0.1,0.9673411774693208,0.9640912524384534,0.9395256613496719,0.9422047720601321,0.9294292549899947
0.10454545454545454,0.9721307847519869,0.9693112881377328,0.947835816479631,0.9503570280748361,0.9383418714576084
0.10909090909090909,0.9760763780539179,0.9736422067432381,0.9548478853741034,0.9572206511250292,0.9459428242429749
0.11363636363636363,0.9793345464271082,0.9772396558652748,0.9607647855281496,0.962999128018942,0.9524276128666126
0.11818181818181818,0.9820328305224854,0.9802329122025231,0.9657603979103025,0.9678664646389395,0.9579648924580151
0.12272727272727273,0.984274897109412,0.9827288934180619,0.9699827439387971,0.9719704986221563,0.9626992914867958
0.12727272727272726,0.9861448970844666,0.9848157927985616,0.9735571321129328,0.9754361498317081,0.9667542143903216
0.1318181818181818,0.9877110820067325,0.9865661199469711,0.9765891504576399,0.9783684905679879,0.9702345194030746
0.13636363636363635,0.9890287910724702,0.9880393971711614,0.9791674283046927,0.9808555626205433,0.9732290040249736
0.1409090909090909,0.9901429010914391,0.9892844118797575,0.9813661221353819,0.9829709100991553,0.9758126620480765
0.14545454545454545,0.9910898164873077,0.9903411196494921,0.9832471347081293,0.9847758188389202,0.9780486984268223
0.15,0.9918990980464648,0.9912422235710338,0.9848620415814485,0.9863212620541859,0.9799903030205042
0.15454545454545454,0.9925947741164479,0.9920144945733761,0.9862537664542727,0.9876495885313559,0.9816821939006686
0.1590909090909091,0.9931964038381511,0.9926798536406454,0.9874580003302733,0.9887959528331923,0.9831619464891237
0.16363636363636364,0.9937199334488395,0.9932562580329782,0.9885044191094376,0.9897895346229223,0.9844611485570661
0.16818181818181818,0.9941783792412615,0.9937584613878832,0.9894177092421973,0.9906545490627119,0.9856063317428272
0.17272727272727273,0.9945824285072471,0.9941985622610943,0.9902184067854681,0.9914111061705343,0.9866198433118609
0.17727272727272728,0.9949407883490515,0.9945865188501889,0.9909236174593855,0.992075964291461,0.9875204757382952
0.18181818181818182,0.9952607052080891,0.9949305762637091,0.991547619932938,0.992663003913749,0.9883240876561175
0.18636363636363637,0.9955480478582953,0.9952375235206796,0.9921023746374174,0.9931838474608476,0.9890440615407332
0.19090909090909092,0.9958077349799771,0.9955129940699543,0.9925978258766486,0.993648182370896,0.9896917582074345
0.19545454545454546,0.9960438320623506,0.9957616968735118,0.9930423531104736,0.9940641471420159,0.9902767750845712
0.2,0.996259716177087,0.995987566750637,0.9934429838475627,0.9944385239437814,0.9908072722537165
0.20454545454545456,0.996458184426808,0.9961938771435541,0.9938057220852208,0.9947770020804266,0.9912901677403667
0.20909090909090908,0.9966415405087081,0.9963833687292188,0.9941355038846086,0.9950844744421746,0.9917314505574776
0.21363636363636362,0.9968117825384121,0.9965584210988829,0.9944366302539805,0.9953649494924514,0.9921361424581698
0.21818181818181817,0.9969705869078956,0.9967209422449591,0.994712752167838,0.995621933567251,0.9925086535321206
0.22272727272727272,0.9971193007558503,0.9968726946040494,0.9949669096929168,0.9958583548334456,0.9928527268043645
0.22727272727272727,0.9972591105487567,0.997015047175988,0.9952017546276466,0.996076713703949,0.9931715934022805
0.2318181818181818,0.9973909881682281,0.9971492066822794,0.9954195275516275,0.9962791273244741,0.9934679964231243
0.23636363636363636,0.99751574577338,0.9972761742261602,0.9956221470366562,0.996467402059848,0.9937444020298902
0.2409090909090909,0.997634073520843,0.9973967971706684,0.9958112577428174,0.9966430906157537,0.9940028621510367
0.24545454545454545,0.9977465427937063,0.9975117761962925,0.9959883286472334,0.9968075303838795,0.9942451751688995
0.25,0.9978536877705628,0.997621734400972,0.9961545568215637,0.996961862716486,0.9944729662566522
0.2545454545454545,0.9979559148499764,0.9977271592504213,0.9963110588446619,0.997107120999319,0.9946876043495912
0.2590909090909091,0.9980535672199546,0.9978284471896354,0.9964587890420621,0.9972441341999325,0.9948903321897549
0.2636363636363636,0.9981469828422561,0.9979259311397433,0.9965985314411441,0.9973736868947509,0.9950821863924153
0.2681818181818182,0.998236399326289,0.9980198804686929,0.9967310437163986,0.9974963767064708,0.9952641416338162
0.2727272727272727,0.9983220519510198,0.9981104910031342,0.9968569177920088,0.997612849541689,0.9954370006545169
0.2772727272727273,0.9984041096016304,0.9981979151197291,0.9969767443883379,0.997723561490417,0.9956015090811784
0.2818181818181818,0.9984827573292144,0.9982822657641847,0.9970910077818083,0.9978289539763403,0.9957583406946994
0.2863636363636364,0.9985581250650897,0.9983636217312991,0.9972001430762935,0.9979294073760733,0.9959080510843209
0.2909090909090909,0.998630332540093,0.9984420380958486,0.9973045362107826,0.9980252729880955,0.9960511660259332
0.29545454545454547,0.9986994800296035,0.9985175440577396,0.9974045438196785,0.9981168362651744,0.9961881401502629
0.3,0.9987656427874673,0.9985901623139711,0.9975004686826492,0.9982043621226451,0.9963194082962168
0.30454545454545456,0.9988289348565702,0.9986599006170432,0.9975925885942893,0.9982880836379704,0.9964453316141368
0.3090909090909091,0.9988894042884553,0.9987267596340283,0.9976811547728772,0.9983682071627155,0.996566245671491
0.31363636363636366,0.9989471098823169,0.9987907364010704,0.9977663932941141,0.9984449172727812,0.9966824540923611
0.3181818181818182,0.9990021031867133,0.9988518276542616,0.9978485093302097,0.9985183795756777,0.9967942326779317
0.32272727272727275,0.9990544313265834,0.9989100125048146,0.9979276887952477,0.9985887432480944,0.9969018318736375
0.32727272727272727,0.9991041365160714,0.9989653267819095,0.9980041017555801,0.9986561440058136,0.9970054808166057
0.33181818181818185,0.9991512588476178,0.9990177552452694,0.9980779030438973,0.9987207043123922,0.997105388090684
0.33636363636363636,0.9991958350941621,0.9990673030491756,0.9981492335247779,0.9987825363500007,0.9972017443190814
0.3409090909090909,0.9992379007185865,0.9991139775842194,0.9982182208573935,0.998841743754385,0.9972947227444648
0.34545454545454546,0.9992774881031559,0.999157785614033,0.9982849797066286,0.9988984211230653,0.9973844816337445
0.35,0.9993146311675052,0.999198732215336,0.9983496140420224,0.9989526555942789,0.9974711659936917
0.35454545454545455,0.9993493633141843,0.9992368213979068,0.9984122187305287,0.9990045288220972,0.9975549078292932
0.35909090909090907,0.999381717583707,0.9992720500307201,0.9984728791482608,0.99905411933365,0.9976358289373983
0.36363636363636365,0.9994117301876815,0.9993044080568034,0.9985316726929615,0.999101502431226,0.9977140440665274
0.36818181818181817,0.9994394415194846,0.999333876873583,0.9985886722988503,0.9991467509291961,0.9977896569940126
0.37272727272727274,0.9994648945580702,0.9993604259449104,0.9986439410920119,0.9991899383964524,0.9978627687956869
0.37727272727272726,0.9994881374555199,0.9993840088167983,0.9986975400846099,0.999231135505905,0.9979334713617071
0.38181818181818183,0.99950922605004,0.999404565065341,0.9987495230712033,0.9992704150618397,0.998001852766372
0.38636363636363635,0.999528219240537,0.9994220143456071,0.9987999391396916,0.9993078491806306,0.9980679961850846
0.39090909090909093,0.9995451869327056,0.999436253866892,0.9988488327079219,0.9993435086209841,0.9981319794539091
0.39545454545454545,0.999560205046035,0.9994471606216022,0.9988962423409877,0.9993774663290345,0.9981938774575576
0.4,0.9995733590796754,0.9994545837578106,0.9989422039896818,0.9994097923478373,0.9982537599537451
0.40454545454545454,0.9995847454536131,0.9994583503407345,0.9989867467091456,0.9994405588329696,0.9983116952567495
0.4090909090909091,0.9995944696860983,0.9994582583391486,0.9990298976269132,0.9994698337592512,0.9983677464794692
0.41363636363636364,0.9996026511583516,0.9994540803571828,0.9990716772073309,0.9994976860535482,0.9984219758912075
0.41818181818181815,0.999609419001477,0.9994455623201995,0.9991121039789035,0.9995241798461921,0.9984744414258839
0.42272727272727273,0.9996149181369902,0.9994324240391272,0.9991511902431052,0.9995493779858784,0.9985252000370232
0.42727272727272725,0.9996193046003519,0.9994143630393414,0.9991889467666316,0.9995733377851519,0.9985743053998899
0.4318181818181818,0.9996227488294869,0.9993910540751003,0.9992253789537926,0.9995961124515863,0.9986218098843397
0.43636363636363634,0.9996254334859096,0.999362156355612,0.9992604898975619,0.999617748183671,0.9986677635718473
0.4409090909090909,0.9996275529688441,0.9993273163629175,0.999294279411834,0.9996382850653474,0.9987122149997062
0.44545454545454544,0.9996293116222301,0.9992861772672326,0.9993267452288846,0.9996577552389834,0.9987552109674758
0.45,0.9996309209352396,0.9992383881961808,0.9993578833245218,0.9996761821407162,0.9987967968239829
0.45454545454545453,0.9996325961042627,0.9991836188718375,0.9993876892863788,0.9996935799356397,0.998837016363583
0.4590909090909091,0.9996345515861639,0.9991215773176713,0.9994161589850983,0.9997099538151074,0.9988759121741818
0.4636363636363636,0.9996369948005902,0.9990520348167421,0.9994432904978944,0.9997252991609968,0.9989135253985242
0.4681818181818182,0.9996401205513534,0.9989748605684761,0.9994690847368861,0.999739603172916,0.9989498961048865
0.4727272727272727,0.9996441054763221,0.9988900561352685,0.9994935482259576,0.9997528452730502,0.998985063083698
0.4772727272727273,0.9996490906443974,0.9987978210913523,0.9995166939727289,0.9997650014235242,0.9990190640810348
0.4818181818181818,0.9996551856438316,0.9986986161218305,0.9995385457790762,0.9997760433516867,0.9990519357857918
0.4863636363636364,0.9996624611637863,0.9985932533368146,0.9995591327671488,0.999785942139247,0.9990837152637482
0.4909090909090909,0.9996709339707716,0.998483003032848,0.9995785002176946,0.9997946834160256,0.9991144347993378
0.4954545454545455,0.9996805736004447,0.998369736001313,0.9995967046476106,0.999802260373202,0.9991441291948292
0.5,0.9996912928681668,0.9982560581919259,0.9996138141601802,0.9998086875313238,0.999172831157013
