tf,full,full_orig,interm,interm_orig,sta
0.05,0.7104651784734165,0.7093445022518649,0.6254668483998258,0.6298189851447932,0.6119176566750179
0.05454545454545454,0.7533818545611591,0.7515800748307501,0.6707819710958107,0.6753279780199783,0.6564086145049569
0.05909090909090909,0.7903316503517076,0.787791471995531,0.7115958527594144,0.7162513513232551,0.6966474684157229
0.06363636363636363,0.8220372763621684,0.8188326067506585,0.7480011107441977,0.7526957024344063,0.7326990889039382
0.06818181818181818,0.849103280543092,0.8453914750185096,0.7802508005114812,0.7849243728399742,0.7647972664610123
0.07272727272727272,0.872087416125429,0.8680593936379523,0.8086463612014994,0.8132493161273688,0.7932212955571647
0.07727272727272727,0.8915159492548527,0.8873581884487243,0.8335167514903741,0.8380100128821514,0.8182747965572874
0.08181818181818182,0.9078777199137094,0.9037496714305133,0.8552004971380099,0.8595547325097,0.8402701894694493
0.08636363636363636,0.9216170385353339,0.9176415054238531,0.874031744403602,0.8782262178694566,0.8595162008294851
0.09090909090909091,0.9331298414019574,0.9293921254725552,0.8903309524677195,0.8943522320314579,0.8763094817838581
0.09545454545454546,0.942763311473543,0.9393153203482434,0.9043989090029347,0.9082395716729382,0.8909292085543699
0.1,0.9508180110542412,0.9476845431249585,0.9165131814065498,0.9201706033800722,0.9036338564180003
0.10454545454545454,0.9575515088250486,0.9547369408061992,0.9269263710783301,0.9304016514473022,0.9146595853850645
0.10909090909090909,0.9631827334242282,0.9606771245716512,0.9358656927865232,0.9391627301546162,0.9242198052605273
0.11363636363636363,0.9678965393710777,0.965680713668646,0.9435334970463596,0.94665822023426,0.9325055810305304
0.11818181818181818,0.9718481744966089,0.9698976680073289,0.9501084416466913,0.9530681834700052,0.9396866139563225
0.12272727272727273,0.9751674400791488,0.9734554158776069,0.9557470766902133,0.9585500757808821,0.9459125942590345
0.12727272727272726,0.9779624739020999,0.9764617403864567,0.9605856758545703,0.9632406856657821,0.9513147706459354
0.1318181818181818,0.9803231005992687,0.979007435645229,0.9647421692388307,0.9672581587350668,0.9560076210537487
0.13636363636363635,0.9823237570496435,0.9811687037899353,0.9683180916518166,0.9707040189018724,0.9600905411995282
0.1409090909090909,0.9840260143861667,0.9830092970140301,0.9714004712735699,0.9736651167062758,0.9636494911136495
0.14545454545454545,0.9854807301445269,0.9845824078680359,0.9740636165358694,0.9762154616513748,0.966758559654119
0.15,0.9867298720764179,0.9859323213891553,0.9763707624048978,0.9784179112204094,0.9694814212372309
0.15454545454545454,0.9878080514211519,0.9870958442301425,0.9783755821914516,0.9803257045043484,0.9718726714428393
0.1590909090909091,0.9887438064652249,0.988103530572248,0.9801235289398459,0.9819838267162201,0.9739790319302984
0.16363636363636364,0.9895606708529233,0.9889807263950015,0.981653032190546,0.9834302289839847,0.9758404298727685
0.16818181818181818,0.9902780588552462,0.989748452833272,0.9829965446289635,0.9846968865870862,0.9774909513721028
0.17272727272727273,0.9909120024144996,0.9904241476274643,0.9841814543822123,0.9858107131219741,0.9789596806069648
0.17727272727272728,0.9914757448430148,0.9910222933106052,0.9852308636231081,0.986794358898299,0.9802714237160638
0.18181818181818182,0.9919802528177628,0.9915549217211389,0.9861642668699921,0.9876668889332749,0.9814473460363352
0.18636363636363637,0.9924346018923944,0.9920320609960593,0.9869981195177194,0.9884443463978161,0.9825055113006607
0.19090909090909092,0.9928463304532329,0.9924620726809741,0.9877463241704196,0.9891402545440732,0.9834613485369583
0.19545454545454546,0.9932217131193818,0.9928519511784991,0.9884206390828865,0.9897660173501643,0.9843280515389151
0.2,0.9935659471858165,0.9932075650201777,0.9890310234484337,0.9903312673533737,0.9851169110529459
0.20454545454545456,0.9938833999160122,0.99353386002201,0.9895859247917829,0.990844152591531,0.9858376083762791
0.20909090909090908,0.9941776956533613,0.9938349852578143,0.990092516366962,0.9913115789376306,0.9864984544825323
0.21363636363636362,0.9944518740775546,0.9941144707561335,0.9905569185285359,0.9917393912972385,0.9871065948777071
0.21818181818181817,0.9947084831430147,0.9943752845193471,0.9909843338090318,0.9921326244247128,0.9876681601140782
0.22272727272727272,0.9949496858767146,0.9946199704002261,0.9913792118171744,0.9924954864333392,0.9881885145874352
0.22727272727272727,0.9951772452459465,0.9948506237481999,0.9917453728503763,0.9928316472948385,0.9886722318571479
0.2318181818181818,0.9953927082686828,0.9950690982622079,0.9920861356266804,0.9931442535173893,0.9891233118429471
0.23636363636363636,0.9955973736462894,0.9952769366140806,0.9924043370654368,0.9934359669231912,0.989545233396923
0.2409090909090909,0.9957923003515992,0.9954754414717055,0.9927024014859201,0.9937091237979574,0.9899410171457868
0.24545454545454545,0.9959784085131953,0.9956656664778434,0.9929824487418862,0.9939657219187445,0.9903132875901914
0.25,0.9961564594923785,0.9958485068109019,0.9932463038779328,0.9942074864092719,0.9906643352464644
0.2545454545454545,0.9963270859018465,0.9960246764915823,0.9934955503118776,0.9944359180107992,0.9909961690855409
0.2590909090909091,0.9964908557259347,0.9961947783472254,0.9937316014595103,0.9946523261321192,0.9913105422735846
0.2636363636363636,0.9966482188376025,0.9963592634369864,0.993955659266635,0.9948578408625797,0.99160904100056
0.2681818181818182,0.9967995620761034,0.9965184876208972,0.994168775685479,0.9950534959518902,0.9918930174685281
0.2727272727272727,0.9969452019146436,0.9966727049677512,0.9943719214851059,0.9952401520446326,0.9921636726891675
0.2772727272727273,0.997085439346784,0.9968221235243766,0.9945659057784364,0.9954185650460217,0.9924221045431504
0.2818181818181818,0.9972204924916609,0.9969668562607334,0.9947514441757278,0.9955894478544939,0.9926692608945403
0.2863636363636364,0.9973505411624457,0.9971069644255695,0.9949292210146164,0.9957533778674373,0.9929059650364562
0.2909090909090909,0.9974757763156636,0.9972425032025362,0.9950997733749498,0.9959108686295056,0.9931330096091469
0.29545454545454547,0.9975963015406552,0.9973734495224856,0.9952636568435116,0.9960624174363746,0.9933510283106005
0.3,0.9977122618592487,0.9974998125486705,0.9954212892944597,0.9962083973906669,0.9935606668358401
0.30454545454545456,0.9978237201015265,0.9976215367238178,0.9955731244421431,0.9963492071240567,0.9937624249880457
0.3090909090909091,0.9979307844944845,0.9977386135936402,0.9957194946234329,0.9964851260311788,0.9939568316168195
0.31363636363636366,0.9980334887394399,0.9978509831925161,0.9958607735382419,0.9966164711128735,0.9941442867884892
0.3181818181818182,0.9981319197553784,0.9979586450029891,0.9959972222993315,0.9967434518226854,0.9943252068226855
0.32272727272727275,0.9982260933428092,0.9980615532953083,0.996129138486727,0.9968663010015266,0.994499971851791
0.32727272727272727,0.9983160640753739,0.9981597280260978,0.9962567874978212,0.9969852223625351,0.9946688661584568
0.33181818181818185,0.9984018835384699,0.9982531490200335,0.9963803625855029,0.9971003510370399,0.9948322099302741
0.33636363636363636,0.9984835559858902,0.9983418461912794,0.9965000880866438,0.9972118428431481,0.9949902729182486
0.3409090909090909,0.9985611269233193,0.9984258617556315,0.9966161544320135,0.9973198238173525,0.9951433037368396
0.34545454545454546,0.9986346298200124,0.9985052096284006,0.9967287364195945,0.9974244030467518,0.9952915460439793
0.35,0.9987040979796755,0.998579946599136,0.9968380078992349,0.9975256752305163,0.9954351761848927
0.35454545454545455,0.9987695667954659,0.9986501203535169,0.9969440868297321,0.9976237242930467,0.9955744038549785
0.35909090909090907,0.998831072330362,0.9987157769105163,0.9970471234413244,0.9977186203642572,0.9957094082377791
0.36363636363636365,0.9988886643513459,0.9987769564627365,0.9971472428137904,0.9978104373280781,0.995840355576429
0.36818181818181817,0.99894238992588,0.9988336850924664,0.9972445440083659,0.9978992332619864,0.995967393115587
0.37272727272727274,0.9989923067000641,0.9988859856988974,0.9973391622759785,0.9979850667861075,0.9960906801285007
0.37727272727272726,0.9990384812027604,0.998933850259191,0.9974311842798176,0.998067992623827,0.9962103354100548
0.38181818181818183,0.9990809903124831,0.9989772507583101,0.9975206964584171,0.9981480667262435,0.9963265042458769
0.38636363636363635,0.9991199225774037,0.9990161255192546,0.9976077799047027,0.9982253450330055,0.9964392964554368
0.39090909090909093,0.9991553741473258,0.9990503974818673,0.9976925042462315,0.9982998782429524,0.996548823731644
0.39545454545454545,0.9991874719306346,0.9990799377662463,0.9977749412164953,0.998371739274951,0.9966551832688473
0.4,0.999216334446885,0.9991045800718567,0.9978551451886776,0.9984409789200694,0.9967584883448933
0.40454545454545454,0.9992421255288103,0.999124124429674,0.9979331544108382,0.998507666940426,0.9968588130968519
0.4090909090909091,0.999265003409161,0.9991383303105371,0.9980090328085659,0.9985718803875752,0.9969562667718279
0.41363636363636364,0.9992851569929667,0.9991469056702222,0.9980828058428255,0.9986336873166184,0.9970509229817681
0.41818181818181815,0.9993027941983927,0.9991495206648733,0.9981545022868459,0.9986931662436379,0.9971428611305879
0.42272727272727273,0.9993181440313196,0.9991458031792757,0.9982241442573134,0.9987503986387827,0.9972321575219267
0.42727272727272725,0.9993314557160509,0.9991353410215408,0.9982917473454903,0.9988054687845739,0.9973188853162629
0.4318181818181818,0.999343002650831,0.9991176877900331,0.9983573216426511,0.9988584628362971,0.9974031146269673
0.43636363636363634,0.999353076716886,0.9990923679397674,0.9984208711354672,0.9989094680057228,0.9974849132471719
0.4409090909090909,0.9993619863323501,0.9990588827147094,0.9984823945058798,0.9989585701840439,0.9975643467228027
0.44545454545454544,0.9993700547136394,0.9990167201110327,0.9985418868034673,0.9990058522267679,0.9976414781748666
0.45,0.9993776147804546,0.9989653707737375,0.9985993390407691,0.9990513935111549,0.9977163686161247
0.45454545454545453,0.9993850010669268,0.9989043444635372,0.998654739624003,0.9990952662673176,0.9977890775790613
0.4590909090909091,0.9993925425206767,0.9988331932600768,0.9987080771553372,0.999137533658227,0.9978596625328708
0.4636363636363636,0.9994005543795802,0.9987515428654238,0.9987593409906428,0.9991782494928853,0.9979281789580742
0.4681818181818182,0.9994093257352449,0.9986591341953731,0.9988085232261135,0.9992174548460024,0.9979946814627632
0.4727272727272727,0.9994191083953443,0.9985558765080995,0.9988556221536598,0.9992551768662383,0.9980592227956685
0.4772727272727273,0.9994301055308474,0.998441914738003,0.9989006443633491,0.9992914287904533,0.9981218539003339
0.4818181818181818,0.9994424608698416,0.9983177190685186,0.9989436065234404,0.9993262091105859,0.9981826252185908
0.4863636363636364,0.9994562492898122,0.9981841952292729,0.9989845390448051,0.9993595018239736,0.9982415854382163
0.4909090909090909,0.9994714714361556,0.9980428252734066,0.9990234880359428,0.9993912787686449,0.9982987817893144
0.4954545454545455,0.9994880536937641,0.9978958342788887,0.9990605166488116,0.9994215024478286,0.998354261048396
0.5,0.9995058533786874,0.997746390736231,0.9990957061974193,0.9994501296758178,0.9984080683304102
