tf,full,full_orig,interm,interm_orig,sta
0.05,0.8029913470300798,0.7968932212234444,0.7075016655501507,0.7109618797563267,0.6957386064895548
0.05454545454545454,0.8389924384379744,0.8318147806704697,0.751298077437979,0.7547710015004038,0.7392030723067047
0.05909090909090909,0.8686116271158237,0.8608919280847334,0.7893042088058779,0.7927265792344989,0.7771000239001549
0.06363636363636363,0.8928101694621792,0.8850321944846309,0.8219959869887349,0.8253193827035185,0.8098746201782155
0.06818181818181818,0.912473209896406,0.9050029665440393,0.8499054588052326,0.8530954700136557,0.8380254020239735
0.07272727272727272,0.9283900201843499,0.9214651266790719,0.873580703738368,0.8766152492980686,0.8620669897518396
0.07727272727272727,0.9412440874535415,0.9349917131705281,0.8935573362043532,0.8964245528163538,0.8825035098952866
0.08181818181818182,0.9516133272212562,0.9460779217362751,0.9103396750664912,0.9130357193341141,0.8998109805298561
0.08636363636363636,0.9599775516179265,0.9551478828578944,0.9243895205676127,0.9269165094181088,0.914426736544083
0.09090909090909091,0.966729808551011,0.9625609615555335,0.9361206572627639,0.9384848725421078,0.926744142210692
0.09545454545454546,0.9721889862550458,0.968618446025611,0.9458974440884672,0.9481078579710489,0.9371110968458678
0.1,0.976612064574121,0.9735705779907183,0.9540362043460632,0.9561033226502638,0.9458311211337431
0.10454545454545454,0.9802051895384559,0.9776235817486,0.960808345331905,0.9627433488385955,0.9531660799956652
0.10909090909090909,0.983133225140924,0.9809463515347748,0.9664444819322716,0.9682586150596824,0.9593398358341266
0.11363636363636363,0.9855277810807921,0.98367653240486,0.9711389821470116,0.972843143118,0.964542324490756
0.11818181818181818,0.9874938216940641,0.9859259034192496,0.9750545636439625,0.9766590506199408,0.9689337038064922
0.12272727272727273,0.9891150387717025,0.987785001435,0.9783266961571335,0.9798410661632166,0.9726483474569698
0.12727272727272726,0.9904581832601713,0.9893270346337458,0.9810676584966371,0.9825006697941261,0.9757985478496934
0.1318181818181818,0.9915765342838494,0.990611141547302,0.9833701811762741,0.9847297821647568,0.9784778555296102
0.13636363636363635,0.9925126652019934,0.991685082270509,0.9853106398897037,0.9866040031237235,0.9807640350197865
0.1409090909090909,0.993300646231708,0.992587420954508,0.9869518228690131,0.9881853960359145,0.9827216180224643
0.14545454545454545,0.9939677907138041,0.9933493209428257,0.9883452818586225,0.9895248262215148,0.9844041097635343
0.15,0.9945360429712485,0.9939959883510256,0.9895333180589776,0.990664006630827,0.9858558820563692
0.15454545454545454,0.9950230740907655,0.9945478362879724,0.9905506342143632,0.9916370912280963,0.9871137013466594
0.1590909090909091,0.9954431476750917,0.9950214223891589,0.9914257480616838,0.9924720793878326,0.9882080709504196
0.16363636363636364,0.9958078028453755,0.9954301955184418,0.9921820429239125,0.9931919320623231,0.9891642997333565
0.16818181818181818,0.9961263677251669,0.9957850719327042,0.9928387834724912,0.9938155602121886,0.9900035294828646
0.17272727272727273,0.9964065599875418,0.9960950732097518,0.9934118395294423,0.9943584448888444,0.9907432349261562
0.17727272727272728,0.9966545052913303,0.9963674278797929,0.9939143343945137,0.9948334169420017,0.9913981017967708
0.18181818181818182,0.9968753623898559,0.996608184157084,0.9943571328577621,0.9952510401880479,0.9919804049103569
0.18636363636363637,0.9970733172819948,0.9968222978370322,0.9947492116294263,0.995620093898665,0.9925004049355499
0.19090909090909092,0.9972518339896412,0.997013852060075,0.995098073645857,0.9959478066028163,0.9929667153562828
0.19545454545454546,0.9974137439173968,0.9971862285006029,0.9954099268347386,0.9962402685247089,0.9933866999812971
0.2,0.9975613950835139,0.9973422094298934,0.9956900289738545,0.996502497860624,0.993766440379283
0.20454545454545456,0.9976968434085631,0.9974842498300428,0.9959428060804504,0.9967388003909317,0.9941112598890627
0.20909090909090908,0.9978216724997442,0.9976142610726202,0.9961719139819738,0.9969526606236696,0.9944255323805049
0.21363636363636362,0.997937297663815,0.99773395426441,0.996380490756096,0.9971470981619749,0.994713071541439
0.21818181818181817,0.9980448625870207,0.9978447293557718,0.9965711678129311,0.9973246206596784,0.9949771179625115
0.22272727272727272,0.9981453150609396,0.99794775083879,0.9967461490941635,0.997487342715424,0.9952203979821119
0.22727272727272727,0.9982394303567157,0.9980440070644943,0.9969073702699989,0.9976370259561268,0.9954452935731429
0.2318181818181818,0.9983279353121397,0.9981343218243586,0.9970564032310182,0.997775254626801,0.9956538850010196
0.23636363636363636,0.9984113617132472,0.9982194598008642,0.9971946965613392,0.9979032807152202,0.9958478888542132
0.2409090909090909,0.9984902423530202,0.9982999859236297,0.9973233978317007,0.9980222730374344,0.9960288717713934
0.24545454545454545,0.9985649528833598,0.9983764396065196,0.9974435670995498,0.9981331462222627,0.996198084676625
0.25,0.9986358716116103,0.9984492465178595,0.997556092201946,0.9982367432295419,0.9963568379838588
0.2545454545454545,0.998703300857314,0.9985187723115732,0.997661674525913,0.9983337821417941,0.9965060857418525
0.2590909090909091,0.9987674986216682,0.9985853141991679,0.9977611429457433,0.99842486783084,0.9966466989888002
0.2636363636363636,0.9988286940907906,0.9986491222779947,0.9978550183994389,0.9985105359981332,0.9967794644193217
0.2681818181818182,0.9988870722222243,0.9987104013888091,0.9979438075719554,0.9985912543168247,0.9969050763646513
0.2727272727272727,0.9989428020607651,0.9987693176535818,0.9980279637307223,0.9986673470602582,0.9970241331665463
0.2772727272727273,0.9989960244418461,0.9988259939090838,0.9981078867635469,0.9987393163050641,0.9971371712460162
0.2818181818181818,0.9990468590237152,0.9988805326144116,0.9981839356337143,0.9988074001128399,0.9972446729919224
0.2863636363636364,0.9990954107040135,0.998933003567086,0.9982564211001644,0.9988718692602709,0.9973470620076195
0.2909090909090909,0.9991417055638645,0.9989834606314498,0.9983256303165089,0.9989329671760221,0.9974447198574632
0.29545454545454547,0.9991859690697381,0.9990319451979995,0.9983918138730592,0.9989909123237323,0.9975379914513713
0.3,0.9992281985839611,0.9990784738915319,0.9984551962194512,0.9990458964685929,0.9976271830365563
0.30454545454545456,0.9992684539718003,0.999123068213619,0.9985159795916807,0.9990980918093155,0.9977125686862891
0.3090909090909091,0.9993067951326997,0.99916566096858,0.9985743384381809,0.9991476503672463,0.9977943863799379
0.31363636363636366,0.999343260670432,0.9992063919514759,0.9986304336282605,0.9991947072939413,0.9978728633588114
0.3181818181818182,0.9993778892867985,0.9992451896889931,0.9986844013292144,0.9992393814843711,0.9979481886071231
0.32272727272727275,0.9994107202021059,0.999282043899632,0.9987363748485066,0.9992817892211234,0.9980205374381443
0.32727272727272727,0.9994417759548666,0.9993169388474276,0.9987864638746047,0.9993220242489524,0.9980900749756552
0.33181818181818185,0.9994710948804519,0.9993498759423894,0.9988347663851865,0.9993601932658005,0.9981569427403294
0.33636363636363636,0.9994987001969825,0.9993808312709461,0.9988813871001564,0.9993963781060567,0.9982212813968
0.3409090909090909,0.9995246112073135,0.9994098137792305,0.9989264043054443,0.999430657714746,0.9982832056088077
0.34545454545454546,0.99954886751042,0.999436798842259,0.9989699033317551,0.9994631255756513,0.9983428438012885
0.35,0.999571479345935,0.9994617679517088,0.9990119423158976,0.9994938443302253,0.9984002840063255
0.35454545454545455,0.9995924956012121,0.9994847240259861,0.9990526074141789,0.9995229077826956,0.9984556441282446
0.35909090909090907,0.9996119170226041,0.9995056190825895,0.9990919338994024,0.9995503629464921,0.9985089927402746
0.36363636363636365,0.9996298027683275,0.9995244550818704,0.9991300030993971,0.9995763073951485,0.9985604397654158
0.36818181818181817,0.9996461500651291,0.9995411619533766,0.9991668338929423,0.9996007769672755,0.9986100368114788
0.37272727272727274,0.9996610297520447,0.9995557323423536,0.9992025041630623,0.9996238723109955,0.9986578884664141
0.37727272727272726,0.9996744350533457,0.9995680666486404,0.9992370170321194,0.9996456178264348,0.9987040309355764
0.38181818181818183,0.9996864524893081,0.9995781434199825,0.9992704488399302,0.9996661185838314,0.9987485663415039
0.38636363636363635,0.9996970726026622,0.9995858263443268,0.9993027890909139,0.9996853874555582,0.9987915194051028
0.39090909090909093,0.9997063996956186,0.9995910743352255,0.9993341115581293,0.9997035328320771,0.9988329834144913
0.39545454545454545,0.9997144240774999,0.9995937089778075,0.9993643939127638,0.9997205553428182,0.9988729801242414
0.4,0.9997212695478161,0.9995936647241309,0.9993937017234935,0.9997365661733868,0.9989115954359071
0.40454545454545454,0.9997269316346806,0.9995907193861508,0.9994220129786847,0.9997515580805207,0.9989488480842869
0.4090909090909091,0.99973155134563,0.9995847760109431,0.999449380504154,0.9997656294420734,0.9989847899346109
0.41363636363636364,0.9997351425595442,0.9995755766394095,0.9994757844394028,0.9997787774309488,0.9990195153491166
0.41818181818181815,0.999737845020138,0.9995629720598042,0.9995012353999139,0.9997910494369594,0.999052992785557
0.42272727272727273,0.9997397151546074,0.9995466915763692,0.9995257971052548,0.9998025416415577,0.9990853391540488
0.42727272727272725,0.9997408575470356,0.9995264966846579,0.9995493934756654,0.9998131862690512,0.9991165261498622
0.4318181818181818,0.9997414563051702,0.9995022052525292,0.9995720962993523,0.9998230994575457,0.9991466468648986
0.43636363636363634,0.9997415397820366,0.9994734478426286,0.9995938499947173,0.9998322153457375,0.99917569996348
0.4409090909090909,0.9997412706895137,0.9994400360407881,0.9996146626675712,0.9998405664615542,0.9992037204252167
0.44545454545454544,0.9997408737189213,0.9994016378909784,0.999634603332732,0.999848233168703,0.9992308077965316
0.45,0.9997403599928125,0.9993579929606434,0.9996535664114454,0.9998550884657276,0.9992569093262236
0.45454545454545453,0.9997400037553208,0.9993089434875243,0.9996716299614655,0.999861230983169,0.9992820821105413
0.4590909090909091,0.9997398582077881,0.9992541704176161,0.999688738767002,0.9998665574404522,0.9993064343810953
0.4636363636363636,0.9997400978346117,0.9991935583011928,0.999704893702668,0.9998710625966272,0.999329878754327
0.4681818181818182,0.9997409552927425,0.9991271419399977,0.9997201752082343,0.9998748051430535,0.9993525392678586
0.4727272727272727,0.999742431525737,0.9990548343315688,0.9997344948845515,0.9998776427323959,0.9993743781487199
0.4772727272727273,0.9997446826602775,0.9989769187015145,0.9997478907380173,0.999879589937039,0.999395430015811
0.4818181818181818,0.9997478950674858,0.9988939612949337,0.9997604697988223,0.9998807259575325,0.9994158000501889
0.4863636363636364,0.9997519762103023,0.9988065508164337,0.9997721397847951,0.9998809102823193,0.9994354117419
0.4909090909090909,0.9997570082077413,0.99871599539252,0.9997829786906753,0.9998802154558498,0.9994543166975125
0.4954545454545455,0.999763082401222,0.9986238577665625,0.9997931272674068,0.9998787907087658,0.9994726247397404
0.5,0.9997699824395819,0.9985324417998738,0.9998025030777962,0.999876563091287,0.9994902370245994
