tf,full,full_orig,interm,interm_orig,sta
0.05,0.4080044417746489,0.4184944908584166,0.2014104339845381,0.20532946700565466,0.19041856795257578
0.05454545454545454,0.37309855332746683,0.3881504074415517,0.16756237188561793,0.17124901939344148,0.15731112535212183
0.05909090909090909,0.33695594535054396,0.35809341292791297,0.12925782319606677,0.1328213824980651,0.11949177781975139
0.06363636363636363,0.3000297691064896,0.3282065338429727,0.09031247397678961,0.09383383660672516,0.08080331822495902
0.06818181818181818,0.26338162679294536,0.29895769316374593,0.052378754197656946,0.055943663520056475,0.04288430732919012
0.07272727272727272,0.22818582838369258,0.27099841481727893,0.016659286024634408,0.02037154132731501,0.0068712763549682795
0.07727272727272727,0.19531732781061414,0.24480038864231832,0.015976028695658687,0.012008331937947743,0.026389171005861807
0.08181818181818182,0.16531212341596846,0.22062826786691614,0.04498781379832801,0.040661825849693876,0.05634751452208759
0.08636363636363636,0.1384264155343795,0.19858764764748915,0.0701062923558881,0.0653304021084333,0.08270066002127925
0.09090909090909091,0.1147102212791676,0.17867760079548686,0.09127479180254967,0.08597221992175237,0.10534285522226415
0.09545454545454546,0.09407078713222586,0.16083104903565304,0.10859984188825422,0.10271036205422623,0.12432232107506647
0.1,0.07632219451532589,0.14494091544601306,0.12230665757233312,0.1157870873559676,0.13980227401228673
0.10454545454545454,0.061222457467345504,0.13087649054009853,0.13270054161958694,0.12552415489778254,0.15202671134815898
0.10909090909090909,0.04850121031055738,0.11849444899098209,0.14013430597397633,0.13228974159544304,0.1612912394432041
0.11363636363636363,0.03787990690207802,0.10764669593740869,0.14498195346081924,0.136471643764427,0.16791912166972772
0.11818181818181818,0.02908611175695412,0.09818578895214675,0.1476181870541934,0.1384566738874578,0.1722422665874558
0.12272727272727273,0.021862995893214502,0.08996913869053735,0.1484032843796516,0.13861548681571026,0.17458677809419257
0.12727272727272726,0.01597527524377575,0.08286166985669921,0.14767262350429194,0.13729198388566524,0.1752624918422644
0.1318181818181818,0.011212015754963505,0.07673752737949138,0.14573010099840275,0.13479692892231152,0.17455600968511467
0.13636363636363635,0.007387733965654849,0.07148093393795223,0.14284485323516616,0.13140460952149857,0.1727264405716965
0.1409090909090909,0.0043418026160128445,0.06698629339874033,0.13925006965179706,0.12735202457285327,0.1700034910593276
0.14545454545454545,0.0019369004062471237,0.06315804213130312,0.1351440959909547,0.12283992390113305,0.16658724847265458
0.15,5.7082328014815606e-5,0.05990999283321453,0.13069243427610597,0.11803505245067819,0.16264913182715698
0.15454545454545454,0.0013946945806067954,0.05716506247075249,0.12603062315701372,0.11307333812781353,0.15833371516245204
0.1590909090909091,0.002498889086638881,0.0548516097722571,0.12126766705423592,0.10806308352113006,0.15376127121335156
0.16363636363636364,0.0033217444317833332,0.05290869609616928,0.11648939242472124,0.10308905170626423,0.1490303253463747
0.16818181818181818,0.003917678554513684,0.051279186182911315,0.11176193022616103,0.09821536067897302,0.14422062183715592
0.17272727272727273,0.004330680268906321,0.0499118754878228,0.107134994839346,0.09348973033052557,0.13939471917633695
0.17727272727272728,0.0045968975645052325,0.04876127351360106,0.1026445383507165,0.08894546613629038,0.13460253566207311
0.18181818181818182,0.00474474318021699,0.047785418704870825,0.09831535347610591,0.08460411780143791,0.12988141064465583
0.18636363636363637,0.004798593391604952,0.04694809242142218,0.09416362793222312,0.08047976290632611,0.12525961490618961
0.19090909090909092,0.00477697495490477,0.046218216337426066,0.09019823911979526,0.07657794544447613,0.12075755075210858
0.19545454545454546,0.004693703608402552,0.04555568983355659,0.0864228060950491,0.07289909572858025,0.11638879841506368
0.2,0.00456375400291387,0.04494339297654363,0.08283709049327773,0.06944028615308616,0.11216268480428446
0.20454545454545456,0.004394420403058105,0.044361279026728435,0.07943719454281373,0.0661944448626285,0.1080839706166771
0.20909090909090908,0.004195655530520407,0.043777345785986244,0.07621990291425074,0.06315283042888199,0.10415454168973488
0.21363636363636362,0.00397438715085527,0.04318999188812788,0.07317116256005363,0.06030742764486657,0.10037385949799052
0.21818181818181817,0.003735450793701482,0.04257294192031762,0.07028851505701508,0.05764442208511407,0.0967418163050976
0.22272727272727272,0.0034810663710327823,0.041919291184580335,0.06756404083777291,0.055152656308130446,0.09325168419310167
0.22727272727272727,0.0032156469819500516,0.04121766582437455,0.0649859352536378,0.05282159512649211,0.08990134664986245
0.2318181818181818,0.0029431316202554398,0.04046388648330586,0.06254639021701772,0.05063916163501957,0.08668656579264437
0.23636363636363636,0.002665271298430188,0.039652216077066135,0.06023451810169511,0.048594884576108645,0.0835999503573349
0.2409090909090909,0.0023850660248554614,0.03878087983891433,0.058043888155538716,0.04667715682372497,0.08063715380277499
0.24545454545454545,0.0021034062467007934,0.037848799325384125,0.05596525924878204,0.04487606912814044,0.07779206539700255
0.25,0.0018218265558196034,0.03685276906186463,0.053990981785854535,0.043181850550513066,0.07505995787942027
0.2545454545454545,0.0015418371547258683,0.03580962312649799,0.05211386967522568,0.041585281510923805,0.07243513282914499
0.2590909090909091,0.0012639317019900946,0.03470968451871146,0.05032605117986067,0.040077630940423895,0.06991300005916981
0.2636363636363636,0.0009890054108647147,0.033562839152261395,0.04862131884433715,0.038652196441843076,0.06748782018082014
0.2681818181818182,0.0007176678695196017,0.03237520292466281,0.046994094935747584,0.03730030508649864,0.06515496770494268
0.2727272727272727,0.00045098898466671724,0.031153251983659192,0.04543833505625898,0.036015600615388305,0.06291066409831822
0.2772727272727273,0.00018878605956207124,0.029905169513090888,0.04394878192431696,0.03479255818960168,0.06075003007857147
0.2818181818181818,6.847512961547308e-5,0.028638601971339023,0.04252137825228579,0.0336252477674834,0.05866913110886225
0.2863636363636364,0.0003199524895414672,0.027361094862178855,0.041151124934417124,0.0325085950631495,0.05666504830545137
0.2909090909090909,0.0005662626363670837,0.026081550211618437,0.039834460360607005,0.03143903595427946,0.0547334964302436
0.29545454545454547,0.0008066987876393623,0.024807484821215524,0.03856769081486421,0.030411578633201434,0.05287203944509485
0.3,0.0010423429710162914,0.023547141278113214,0.037347569564122406,0.02942359574598271,0.0510770728603084
0.30454545454545456,0.0012707852551905802,0.022307763087603027,0.03617118031345694,0.028471250629740145,0.0493465659504196
0.3090909090909091,0.0014945955752304933,0.021096756082026418,0.03503598284594282,0.02755257809999352,0.04767724812271299
0.31363636363636366,0.0017134524372714268,0.01992062852542573,0.03393937533748149,0.026664462700191106,0.046067671948512245
0.3181818181818182,0.0019259600309574363,0.018785719904648442,0.032879528639783696,0.025805699710866523,0.04451511836017084
0.32272727272727275,0.0021340424629363985,0.017697395415704784,0.0318542375867352,0.024973967792122173,0.04301753540478023
0.32727272727272727,0.002337740048803124,0.016661011107637392,0.0308619026437535,0.02416766164266614,0.041573582288617024
0.33181818181818185,0.002537294982261239,0.015680412964020247,0.02990116017146253,0.023386065936534278,0.04018125351407448
0.33636363636363636,0.002732983848801078,0.014759822731113769,0.028970433887398613,0.02262765889334007,0.03883898288866065
0.3409090909090909,0.0029254753409297027,0.013902326331553716,0.028068565988802092,0.0218915575204889,0.03754537030059032
0.34545454545454546,0.003115265804908068,0.013110339416340171,0.027194504432796196,0.021177004264889377,0.036299073141508986
0.35,0.0033028439791354973,0.01238605449317937,0.026347275230088705,0.020483327344633755,0.03509891516141566
0.35454545454545455,0.003488752235841443,0.011730989421346405,0.02552606046693434,0.019809919534615465,0.0339436343893573
0.35909090909090907,0.003673592770762111,0.011146203423071408,0.02473002828018754,0.01915622465915667,0.0328321274702718
0.36363636363636365,0.0038578949978548046,0.010632371373781516,0.02395848626552618,0.018521788041077385,0.031763367322205326
0.36818181818181817,0.004042270471858721,0.010189856118940115,0.023214750615014507,0.017906108877826798,0.030736336038132257
0.37272727272727274,0.0042272863732849865,0.00981867133360183,0.0224864187608466,0.0173087278672442,0.029750169726816895
0.37727272727272726,0.004413485839131463,0.009518661803188196,0.02178476609936802,0.016729198489188427,0.028803937983712335
0.38181818181818183,0.004601371808308201,0.009289505682710471,0.021105365907962796,0.016167049700437936,0.02789678116185721
0.38636363636363635,0.004791382683212738,0.00913074423150743,0.02044776356987006,0.015621800204376526,0.0270278957558821
0.39090909090909093,0.00498386272352886,0.00904190736167478,0.019811547888659898,0.015092947067582149,0.026196514450982356
0.39545454545454545,0.005179077354578014,0.009022485328694516,0.019196301304656195,0.014579984325159372,0.025401911157125326
0.4,0.005377122133202739,0.009072036600955305,0.018601643618914834,0.014082277175581238,0.024643292511420514
0.40454545454545454,0.005577855280792677,0.009190191035850696,0.01802721572888309,0.013599214580720215,0.023920010330792735
0.4090909090909091,0.0057813184251555155,0.009376639294508379,0.01747256943517506,0.013130079234459427,0.023231221672528026
0.41363636363636364,0.005986991804405166,0.009631632506761993,0.016937304669802,0.012674150284675192,0.02257624826254039
0.41818181818181815,0.006194247121472539,0.009955228692045678,0.016421021364002062,0.012230544486962617,0.02195432140835825
0.42272727272727273,0.00640207615991036,0.010347819309835901,0.015923352548649378,0.011798397880324864,0.021364687566050092
0.42727272727272725,0.006609526128494255,0.010809967190104477,0.015443838932046051,0.011376798273538925,0.02080659365127037
0.4318181818181818,0.006815000470569448,0.011342765353813029,0.01498208951798476,0.010964662918410898,0.020279280955717037
0.43636363636363634,0.007016682066430571,0.011947198688764576,0.014537756923889289,0.010560941469310187,0.01978194563014578
0.4409090909090909,0.007212276704243219,0.012624538347436291,0.01411042638969475,0.010164541497985485,0.019313814403927192
0.44545454545454544,0.007399396028439513,0.013376054820666547,0.013699763183424099,0.009774232928334485,0.018874114532914127
0.45,0.007575034162214118,0.01420338762992444,0.01330547203759941,0.00938879416827551,0.018462003975079192
0.45454545454545453,0.007735841219285301,0.015107801349938096,0.012927318541895307,0.009006980746735638,0.018076680238444234
0.4590909090909091,0.00787825113654917,0.016090402367498483,0.01256502458615144,0.008627549586696787,0.01771734187148879
0.4636363636363636,0.007998412457942238,0.017151967704132274,0.012218438746363402,0.00824911635323566,0.017383118188757568
0.4681818181818182,0.008092200404280827,0.018292623269997862,0.011887507285126556,0.007870470990740123,0.01707316208686369
0.4727272727272727,0.008155461148518223,0.019511373731648986,0.01157209516852419,0.007490411033479068,0.016786651411824158
0.4772727272727273,0.008184217859116941,0.020805852512995215,0.01127221558586029,0.007107715840181385,0.016522669130860226
0.4818181818181818,0.00817457419685175,0.022171763341233913,0.010987964253084431,0.0067214033179132686,0.016280338806078827
0.4863636363636364,0.008123185482777191,0.023602020769354855,0.0107193036985085,0.006330689351867285,0.016058830161229144
0.4909090909090909,0.008027442617189264,0.025086128003572194,0.010466312186018952,0.005934930486345124,0.015857174026033774
0.4954545454545455,0.007885633977915973,0.02660894092611778,0.010229044155040156,0.0055338937653328065,0.015674488900505965
0.5,0.007697225673208822,0.028149347893661043,0.01000738094270143,0.00512780011562976,0.015509899090409975
