λ1,λ2,λ3,λ4,λ5,tf,N,Λ0,Λf,eSTA,STA
-415.1340277275131,-50.823014779807494,-293.52465593154096,23.058166753468814,-87.34196252650871,0.02,20,0.0,50.0,0.3350242039744653,0.3142350520588269
-265.49875287968683,-31.571413326227777,-187.30269568892504,15.043697362699277,-55.645768359995145,0.02,30,0.0,50.0,0.14739986771112318,0.15683650289068124
-195.59866845938186,-23.24556830274537,-137.98530286472692,11.087365320393868,-40.992245750073856,0.02,40,0.0,50.0,0.3018230041715214,0.2834141338898393
-154.93197260961477,-18.412361977699486,-109.2966334181094,8.782304621813505,-32.46922661495515,0.02,50,0.0,50.0,0.2601541062498982,0.26149734332334656
-128.29206522287623,-15.246380315363997,-90.50338703314048,7.272252942596381,-26.886093259682188,0.02,60,0.0,50.0,0.3029997520267197,0.2904769306572185
-109.4794871350952,-13.010640698945418,-77.23200372113101,6.2058765020741715,-22.94344177133253,0.02,70,0.0,50.0,0.3110677148220626,0.3077209924105343
-95.48315269712253,-11.347283965314436,-67.35827201074956,5.412501232862563,-20.010180996749718,0.02,80,0.0,50.0,0.32681871379442823,0.31811592288688717
-84.66212588520865,-10.061292160280738,-59.72457647588754,4.7991144540924555,-17.74239508518959,0.02,90,0.0,50.0,0.343250025105642,0.33796764502338333
-76.04534085093111,-9.037259220387009,-53.6458708255353,4.310673091487758,-15.936565883720663,0.02,100,0.0,50.0,0.35365640375714014,0.3466830576952633
-104.89599550505058,-12.949919200403551,-73.62650563216789,5.643817154578547,-21.151188494270958,0.039999999999999994,20,0.0,50.0,0.45993679732842363,0.4334082303312252
-67.13334527968968,-8.051945041421103,-47.01538770706778,3.6879109981025997,-13.484100189287583,0.039999999999999994,30,0.0,50.0,0.5177811316721547,0.4974613615489496
-49.46991016781367,-5.9297604078992805,-34.643593691844465,2.7187861043561194,-9.93497521291418,0.039999999999999994,40,0.0,50.0,0.5602001559872732,0.5426541141432975
-39.189343728437116,-4.697334479614917,-27.44387546900202,2.1538511784072845,-7.869998196145109,0.039999999999999994,50,0.0,50.0,0.5949697642320404,0.5790568594975676
-32.45330441303509,-3.8898831522689687,-22.726555962616217,1.7836678890070412,-6.51708596846709,0.039999999999999994,60,0.0,50.0,0.6240097885851144,0.6093498581474198
-27.695800257603413,-3.3196131221890153,-19.39486223555631,1.5222084560909102,-5.561602704473744,0.039999999999999994,70,0.0,50.0,0.6488710985836941,0.635257775074668
-24.155941453389843,-2.895306240946896,-16.915908488122053,1.3276633988329636,-4.850692416311314,0.039999999999999994,80,0.0,50.0,0.6705341684615042,0.6578178273455977
-21.418971399923798,-2.5672421070497338,-14.99922690152279,1.1772414705509469,-4.301040668476934,0.039999999999999994,90,0.0,50.0,0.6896558307658424,0.6777210587804828
-19.239406599222963,-2.3059933294119537,-13.472899439678459,1.0574526689876016,-3.8633386374729866,0.039999999999999994,100,0.0,50.0,0.7067080074916674,0.6954630928785102
-47.4747257765494,-5.9373490052652045,-32.926331184600855,2.4278197473272867,-8.900987729211366,0.06,20,0.0,50.0,0.6675926710486908,0.6383056798028284
-30.41895834450431,-3.69705677610159,-21.05003783636808,1.5906264465376607,-5.680410554539947,0.06,30,0.0,50.0,0.7276830355985227,0.7041862940572928
-22.423903106677752,-2.7235834862220183,-15.516414341835981,1.1731873026557875,-4.1864583018187,0.06,40,0.0,50.0,0.7695335538575185,0.7499028171115831
-17.767385435474413,-2.1578905144738885,-12.294030170857003,0.9296313909183751,-3.316772157868764,0.06,50,0.0,50.0,0.800875519769948,0.7840492765450935
-14.715251146125398,-1.7871479181048047,-10.181984108136904,0.7699693313867128,-2.7468304752509787,0.06,60,0.0,50.0,0.8253752991082997,0.8107032656829178
-12.559117658149871,-1.5252562975412591,-8.689997513846857,0.6571701245405283,-2.344248983824178,0.06,70,0.0,50.0,0.8451078263231813,0.8321502116365784
-10.95458034384979,-1.330370766653245,-7.5797197948911545,0.57322351307037,-2.0446824641876247,0.06,80,0.0,50.0,0.8613563427828453,0.8497981088228861
-9.713832697138578,-1.1796749866512173,-6.721181533709106,0.5083071723785407,-1.813049235186466,0.06,90,0.0,50.0,0.8749680085572867,0.8645741416213749
-8.725686551561619,-1.0596616930367382,-6.037438353383346,0.45660543215635013,-1.62858240060073,0.06,100,0.0,50.0,0.8865294983413083,0.877119272167527
-27.395647966801814,-3.481876889656927,-18.694472094930067,1.3118541760940505,-4.618238200354486,0.07999999999999999,20,0.0,50.0,0.8023898907372725,0.7735661746715242
-17.581183476115736,-2.1721440387445266,-11.970390486167181,0.8626758862344965,-2.9514180734460225,0.07999999999999999,30,0.0,50.0,0.8529458273212434,0.8318190502732887
-12.966988164311434,-1.6009383171360745,-8.827950903969185,0.6367035841468649,-2.176003813339746,0.07999999999999999,40,0.0,50.0,0.8846685280616395,0.8682307507175806
-10.277046915671132,-1.2687176049060118,-6.996375878600573,0.5046931435190917,-1.724284631985505,0.07999999999999999,50,0.0,50.0,0.9064923265121494,0.8932345401288067
-8.513053366954454,-1.0508942106796006,-5.795352527209675,0.41810183557194674,-1.4281518178927954,0.07999999999999999,60,0.0,50.0,0.9223691488674334,0.9114048836412849
-7.266524335233231,-0.8969831668668492,-4.9466823395257045,0.3569026870612916,-1.2189323030199595,0.07999999999999999,70,0.0,50.0,0.9343770439345329,0.9251368004220442
-6.338693306942235,-0.7824298259631357,-4.3150088507835695,0.31134531638806345,-1.0632265802618153,0.07999999999999999,80,0.0,50.0,0.943725772624525,0.9358214761989816
-5.621113218020311,-0.6938391865501405,-3.826486392447211,0.2761086143057348,-0.9428178653764654,0.07999999999999999,90,0.0,50.0,0.9511709937519717,0.9443266339793892
-5.049555447809059,-0.6232788062881516,-3.4373813962433295,0.24804055681806653,-0.8469197273049272,0.07999999999999999,100,0.0,50.0,0.9572099692359846,0.9512226759291244
-18.099277585341017,-2.341079112620631,-12.106156499078224,0.8050583471829718,-2.637638856364298,0.09999999999999999,20,0.0,50.0,0.8824395196518405,0.8580341217634139
-11.637708763013729,-1.4636348561165426,-7.766803983459564,0.5318844954547476,-1.6885440007682682,0.09999999999999999,30,0.0,50.0,0.9201376389238166,0.9036338565055373
-8.58883394628712,-1.0793561928968995,-5.7313488041743,0.3929003558573426,-1.2454573344686983,0.09999999999999999,40,0.0,50.0,0.9414841675937271,0.929429255163786
-6.809375953931389,-0.8556179340581582,-4.543664525738876,0.31157563047772857,-0.9871204705008976,0.09999999999999999,50,0.0,50.0,0.9550661679401635,0.9458311214626891
-5.641752225311138,-0.708844738701405,-3.764416462209369,0.25818927925339513,-0.8176953721168899,0.09999999999999999,60,0.0,50.0,0.9643349122085635,0.9570190490885243
-4.816336665985901,-0.6051027234224079,-3.213584827978538,0.22043914199237796,-0.6979664144238532,0.09999999999999999,70,0.0,50.0,0.9709760966577647,0.9650322789742203
-4.201792842984559,-0.5278718654487862,-2.803493985507737,0.19232768714205756,-0.6088467802696503,0.09999999999999999,80,0.0,50.0,0.975911002470656,0.9709847439161543
-3.726416121927042,-0.4681349436032804,-2.486281081976295,0.17057905761509032,-0.5399214590379113,0.09999999999999999,90,0.0,50.0,0.9796839646596613,0.9755343573730477
-3.3477192252302577,-0.4205498523633129,-2.233587882127611,0.1532515852346426,-0.4850216837505399,0.09999999999999999,100,0.0,50.0,0.9826358031560871,0.9790929162786718
-13.02207103881857,-1.7133063165604452,-8.510849439571142,0.5395350907340976,-1.5618866020126148,0.11999999999999998,20,0.0,50.0,0.9274499587851615,0.9082786694294518
-8.391604256464744,-1.0736899031487117,-5.472315419370146,0.3583502536557215,-1.0018026295111464,0.11999999999999998,30,0.0,50.0,0.9544370463465717,0.9422838671573139
-6.197652153131509,-0.7923013714514293,-4.0409872967406075,0.26498771982680813,-0.7392460328541417,0.11999999999999998,40,0.0,50.0,0.9684026777947804,0.9599476414990687
-4.915467174070502,-0.6282714711513905,-3.2047426485220614,0.21025174574494498,-0.5860311326065324,0.11999999999999998,50,0.0,50.0,0.9767298315056911,0.9704940245596785
-4.07355846695353,-0.5206025195337891,-2.655716126996304,0.17428539848297972,-0.4855078548799057,0.11999999999999998,60,0.0,50.0,0.9821308365802114,0.9773391882756328
-3.478139198747812,-0.44447162523841366,-2.26746270873676,0.1488376281157121,-0.41445319065758024,0.11999999999999998,70,0.0,50.0,0.9858441031245386,0.9820471140653427
-3.0347009221793497,-0.38778131664152465,-1.978328228170696,0.12987931512919432,-0.36155547736284116,0.11999999999999998,80,0.0,50.0,0.9885100406168307,0.9854278903524623
-2.6916064059988103,-0.34392395363257217,-1.7546307064253024,0.11520745359659584,-0.32063952114993927,0.11999999999999998,90,0.0,50.0,0.990489693758805,0.9879387026209541
-2.4182427009584364,-0.30898313889045814,-1.5764038305613994,0.10351531197659852,-0.288046660037853,0.11999999999999998,100,0.0,50.0,0.9920002081785427,0.9898546478411533
-9.910244708157236,-1.3229622865762702,-6.313623946842506,0.38936453698489376,-0.9145967748914068,0.13999999999999999,20,0.0,50.0,0.9522117323023097,0.937521743332765
-6.401626528992792,-0.8311499746721185,-4.0693651263774715,0.259966011893795,-0.5878290090633285,0.13999999999999999,30,0.0,50.0,0.9718655088163873,0.9629759037553126
-4.731678619579934,-0.6137514680928435,-3.0072698201741273,0.19246253002132693,-0.4339236665475702,0.13999999999999999,40,0.0,50.0,0.9813029358218086,0.9753256087551178
-3.7543184015195084,-0.48685779579643207,-2.3858775381253623,0.15280131702616526,-0.344042029463672,0.13999999999999999,50,0.0,50.0,0.9866501827256863,0.9823536799819501
-3.1120826008298224,-0.403510809927767,-1.9776168060999726,0.12671178879926562,-0.2850525695038727,0.13999999999999999,60,0.0,50.0,0.9899878464617333,0.9867517086611888
-2.6576634147834173,-0.34455377571916207,-1.6887786477820612,0.10823934958602953,-0.2433484957036718,0.13999999999999999,70,0.0,50.0,0.9922143278632587,0.9896904337723116
-2.3191249876344973,-0.30063970332823015,-1.4736127107454149,0.09447083358301443,-0.2122976668865095,0.13999999999999999,80,0.0,50.0,0.9937742226357581,0.9917517690232118
-2.057130571395926,-0.266659562522934,-1.3071054243551201,0.08381149520867065,-0.188278154929173,0.13999999999999999,90,0.0,50.0,0.9949094690664829,0.9932531836358355
-1.8483460214112437,-0.2395836769544148,-1.1744208048246705,0.07531459405381677,-0.1691435337576625,0.13999999999999999,100,0.0,50.0,0.995761059474292,0.9943803416453857
-7.823250157296074,-1.0549210521681405,-4.850586195725903,0.30196763948823035,-0.49988769435129954,0.15999999999999998,20,0.0,50.0,0.9660377637253335,0.9546528135790191
-5.066272318072851,-0.6645081287031411,-3.1344037965645906,0.2024585087838757,-0.3219491370951308,0.15999999999999998,30,0.0,50.0,0.9810387575783732,0.974369739460939
-3.747771205576682,-0.49105338394870623,-2.31818660124439,0.15007247041370536,-0.23767890656278115,0.15999999999999998,40,0.0,50.0,0.987814751791857,0.9834353191845243
-2.974919927751657,-0.3896698485639668,-1.8399371972549647,0.11922501115167389,-0.18844443914085957,0.15999999999999998,50,0.0,50.0,0.9915028995438198,0.9884096382963935
-2.4666692310392246,-0.3230332280636376,-1.5254841074676202,0.09890940320152797,-0.15613018167544504,0.15999999999999998,60,0.0,50.0,0.993738107795171,0.9914392105732077
-2.1068750497623707,-0.2758767721156231,-1.302908111405593,0.08451431813409623,-0.13328492929800484,0.15999999999999998,70,0.0,50.0,0.9951956776886675,0.9934213348551393
-1.838740441507646,-0.24074225876396346,-1.137049293719293,0.07377923878477505,-0.11627578615145988,0.15999999999999998,80,0.0,50.0,0.9961985384154839,0.9947885562657414
-1.6311798327001148,-0.21354994011757134,-1.0086680289363827,0.0654651014355286,-0.10311857232393006,0.15999999999999998,90,0.0,50.0,0.9969178248322019,0.9957710020373861
-1.465742360316961,-0.1918792401620103,-0.9063462725668249,0.05883564934710551,-0.09263738724348687,0.15999999999999998,100,0.0,50.0,0.9974508590710206,0.9965001365841735
-6.317635275083121,-0.8551156749612788,-3.8095031649695383,0.2519183994898228,-0.22671059318529196,0.17999999999999997,20,0.0,50.0,0.9741517959291747,0.9650386650354112
-4.101956598798333,-0.5401743610309656,-2.4682738068900596,0.16927425191453616,-0.1462710487251949,0.17999999999999997,30,0.0,50.0,0.9861961376743876,0.9809920563320704
-3.0370082788824373,-0.39947300514544937,-1.8270384461430422,0.1256225780311701,-0.10789632945676352,0.17999999999999997,40,0.0,50.0,0.9913692747872263,0.9880133834252411
-2.411788303182512,-0.3171153997237263,-1.4507316834679451,0.09986516452270736,-0.08549684398603519,0.17999999999999997,50,0.0,50.0,0.9940946467613883,0.9917555325801393
-2.0002901637844186,-0.26294605100634444,-1.2031114246697643,0.08288213308712225,-0.07080808609566491,0.17999999999999997,60,0.0,50.0,0.9957076631165758,0.9939864269957333
-1.70884026632832,-0.22459576560545322,-1.0277550870535763,0.07083951635481145,-0.06043013205089052,0.17999999999999997,70,0.0,50.0,0.9967405438016135,0.9954223625150952
-1.4915632810082058,-0.19601403368022638,-0.8970394106952572,0.0618541447114407,-0.05270702356598423,0.17999999999999997,80,0.0,50.0,0.997441195911654,0.9964000564674528
-1.3233283119542139,-0.1738885279061629,-0.7958354852687413,0.054892471011642775,-0.04673510251234766,0.17999999999999997,90,0.0,50.0,0.9979377514163958,0.9970950617718802
-1.1892095191871808,-0.15625293265264706,-0.7151593550990872,0.04933980307270866,-0.04197919403887277,0.17999999999999997,100,0.0,50.0,0.998302290830142,0.997606482690373
-5.168816428877093,-0.6966888474028172,-3.0317772452812037,0.22518669169766037,-0.048083720531028086,0.19999999999999996,20,0.0,50.0,0.9792706345605593,0.9716967122409409
-3.365116280101483,-0.4414543648602991,-1.9698683140194224,0.1513050594525841,-0.030965218539756405,0.19999999999999996,30,0.0,50.0,0.9893421536767769,0.9851169145932924
-2.4936409904322123,-0.32671915106948685,-1.459366436458052,0.11240276365854794,-0.02262918434994264,0.19999999999999996,40,0.0,50.0,0.9934887743166437,0.990807283396351
-1.9811694132638742,-0.2594594745853613,-1.159294741758651,0.08940755742390896,-0.01782716281349696,0.19999999999999996,50,0.0,50.0,0.9956144146444336,0.9937664816910936
-1.6435973422368808,-0.2151886255054004,-0.9616779750400349,0.07422990351931032,-0.014707347616942161,0.19999999999999996,60,0.0,50.0,0.9968480029366746,0.9954996475469762
-1.404383129379189,-0.18383239067210033,-0.8216616937023433,0.06346030579018522,-0.01251724989716297,0.19999999999999996,70,0.0,50.0,0.9976262332247172,0.9966002144043524
-1.2259848648651612,-0.16045621717838285,-0.7172534214958628,0.05542105419644717,-0.010895050343945981,0.19999999999999996,80,0.0,50.0,0.9981478446177213,0.9973415016296758
-1.0878175062217808,-0.142356493348083,-0.6363970825666355,0.049190289462964665,-0.009645163709768707,0.19999999999999996,90,0.0,50.0,0.998513740258924,0.9978637339860535
-0.9776472163207355,-0.1279273659957742,-0.5719289287485018,0.04421929566255581,-0.008652586690666195,0.19999999999999996,100,0.0,50.0,0.9987798544631957,0.9982449598424098
-4.258960160816308,-0.5662420900949829,-2.432580831677418,0.2130546990125872,0.06348908335372691,0.21999999999999995,20,0.0,50.0,0.9827577091515795,0.9762576809963902
-2.7805130245900975,-0.3600124292436822,-1.585168781337387,0.14291523364021452,0.04140392887195417,0.21999999999999995,30,0.0,50.0,0.9914242372764015,0.9878809777740477
-2.0622739045189618,-0.2666580836015547,-1.175406457811896,0.10625986052000708,0.03094696152767251,0.21999999999999995,40,0.0,50.0,0.9948644570958834,0.9926495443563947
-1.6392009368303255,-0.21184565780485334,-0.9341434819200626,0.08456227381576964,0.024714647825388666,0.21999999999999995,50,0.0,50.0,0.9965873200762645,0.9950768502159449
-1.360279081721343,-0.17574071053561774,-0.7751216533252184,0.07022835046748024,0.02057270447688013,0.21999999999999995,60,0.0,50.0,0.9975704044983817,0.9964766146664292
-1.1625219065538144,-0.15015662340837715,-0.6623919775967364,0.06005173178902627,0.01762013566089367,0.21999999999999995,70,0.0,50.0,0.9981824911128757,0.9973549100132026
-1.0149877148846072,-0.13107774960076812,-0.5783009753207566,0.05245218514602595,0.015408854464532216,0.21999999999999995,80,0.0,50.0,0.9985883355415706,0.9979409333082232
-0.9006941484383089,-0.11630206523526879,-0.5131619150113359,0.046560539171060664,0.01369078546617216,0.21999999999999995,90,0.0,50.0,0.9988706641360745,0.9983506191747787
-0.8095417888978105,-0.10452088814048105,-0.46121514398733415,0.041859077950453474,0.01231745247749409,0.21999999999999995,100,0.0,50.0,0.9990748435423125,0.9986481378104144
-3.52498473018267,-0.457252131351099,-1.9642101195752935,0.20970649580707992,0.1267090897830597,0.23999999999999996,20,0.0,50.0,0.9853016335709054,0.9795945316069576
-2.307969568885413,-0.29178884975989033,-1.2838543575856334,0.14035829546988002,0.08269516599410454,0.23999999999999996,30,0.0,50.0,0.992904673098409,0.9898638407953715
-1.7133544781420245,-0.21630684820569807,-0.9528536502903806,0.10443122178171922,0.06155815295408877,0.23999999999999996,40,0.0,50.0,0.9958260904977505,0.9939525677001901
-1.3624954763305925,-0.171914157692783,-0.7576244879182489,0.083140112009205,0.04903671918088302,0.23999999999999996,50,0.0,50.0,0.9972589308035151,0.9959937679089033
-1.130980547483334,-0.14264986355455958,-0.6288319019195204,0.06906421495284194,0.040750585615832266,0.23999999999999996,60,0.0,50.0,0.9980641096350821,0.9971543833351582
-0.9667466221773852,-0.12190327864760213,-0.5374822575402117,0.05906614642998221,0.03486097665628768,0.23999999999999996,70,0.0,50.0,0.9985595313480577,0.9978748504081933
-0.8441768789626165,-0.10642694647754297,-0.46931462792972856,0.05159756704607043,0.030459272866522568,0.23999999999999996,80,0.0,50.0,0.9988852066816826,0.9983517443189253
-0.7491976003303246,-0.09443849831974631,-0.41649605810565643,0.04580611817255034,0.027044746113165794,0.23999999999999996,90,0.0,50.0,0.9991105310930771,0.9986834227925439
-0.6734334581817247,-0.08487801736789659,-0.3743659690211295,0.04118380036598686,0.024318728707169623,0.23999999999999996,100,0.0,50.0,0.9992725985800286,0.9989230531514702
-2.93150857106746,-0.3664558642756011,-1.5976585902985798,0.21130739948116903,0.15591690230978839,0.25999999999999995,20,0.0,50.0,0.9872662447355084,0.9821809291264922
-1.925051885721683,-0.23476136405602846,-1.04753441800058,0.14116437078847383,0.10201928003237551,0.25999999999999995,30,0.0,50.0,0.9940222544414783,0.9913714984811922
-1.4304074568967635,-0.17418396191060648,-0.77818956766742,0.10509396380005569,0.07591548884188483,0.25999999999999995,40,0.0,50.0,0.9965405692557993,0.9949296276455205
-1.1380257148526938,-0.13849484196777576,-0.6190424841286337,0.08369595730878157,0.06045515873199614,0.25999999999999995,50,0.0,50.0,0.9977519847245508,0.9966740907796994
-0.9449263202268905,-0.11494889288759637,-0.5139589977882514,0.06954025977674509,0.05022860889721473,0.25999999999999995,60,0.0,50.0,0.9984231848355618,0.9976531616674418
-0.8078690002423328,-0.09824801864774961,-0.43938437090253246,0.05948152934976845,0.04296225146734765,0.25999999999999995,70,0.0,50.0,0.9988320669734243,0.9982553458907829
-0.7055432713587626,-0.08578551306319915,-0.38371366320893074,0.051965623672506976,0.03753303136597356,0.25999999999999995,80,0.0,50.0,0.9990991568553937,0.9986514515014923
-0.6262295120346434,-0.07612934655192298,-0.34056624679932795,0.04613634806215042,0.033322300457555985,0.25999999999999995,90,0.0,50.0,0.9992826593794912,0.9989252327768157
-0.562948514821204,-0.0684273995170268,-0.3061430177752163,0.04148315762961714,0.029961185593739836,0.25999999999999995,100,0.0,50.0,0.9994137198367745,0.9991218789897834
-2.4558080156865927,-0.2917603570431069,-1.312956345423564,0.21558142936754884,0.1625417054121397,0.27999999999999997,20,0.0,50.0,0.9888576068759453,0.9842811559083311
-1.617424864145281,-0.18764924796677906,-0.8635721534349646,0.14385771879635115,0.1066623718426053,0.27999999999999997,30,0.0,50.0,0.9949083827695592,0.9925717257410157
-1.2029222471839471,-0.13935413325368606,-0.6421292143170597,0.10715751691700454,0.0793930268723634,0.27999999999999997,40,0.0,50.0,0.9970984993752408,0.9956965977464758
-0.9574873414605429,-0.11085006421142038,-0.5110528578731421,0.08536481607565034,0.06322986795187699,0.27999999999999997,50,0.0,50.0,0.9981326405725146,0.9972025648644921
-0.7952508964913645,-0.09202861122040205,-0.4244262994255831,0.07093967220456385,0.05253593534588682,0.27999999999999997,60,0.0,50.0,0.9986982766035492,0.9980378333298741
-0.6800366927205147,-0.07867192937115017,-0.3629157142632055,0.060685875462370226,0.04493665895383371,0.27999999999999997,70,0.0,50.0,0.999040042199256,0.9985475384216213
-0.5939868176234537,-0.06870147215642547,-0.3169799255532962,0.05302240492083413,0.039258355494686856,0.27999999999999997,80,0.0,50.0,0.99926146336649,0.9988803914177932
-0.5272705593494974,-0.06097425645688702,-0.28136763198362014,0.047077668482488955,0.034854288837161886,0.27999999999999997,90,0.0,50.0,0.999412461687214,0.9991089571278883
-0.474029564189568,-0.05480971205551019,-0.2529499452181923,0.04233170317004819,0.0313387704698488,0.27999999999999997,100,0.0,50.0,0.9995196910723672,0.9992724497026031
-2.079562307860699,-0.2311470753665791,-1.0942139590840902,0.22140695444824804,0.15532512423684755,0.3,20,0.0,50.0,0.9901991641431765,0.9860476980189276
-1.3735437028122912,-0.14922809204143986,-0.721908653944124,0.14769452723922213,0.102222935942037,0.3,30,0.0,50.0,0.995639541921355,0.9935606934056231
-1.0224357370494828,-0.11092277774970132,-0.537279682965055,0.11007093072072384,0.07612574808947954,0.3,40,0.0,50.0,0.997551864539822,0.9963195199947745
-0.8141938083814309,-0.08827392270286695,-0.42780654217509206,0.08770934510036228,0.06064076412933915,0.3,50,0.0,50.0,0.9984386116299727,0.9976274499904406
-0.6764261187815936,-0.07330582872073738,-0.35539385838928145,0.07289988439663203,0.05039095324961256,0.3,60,0.0,50.0,0.9989180940720225,0.9983452229941961
-0.5785372148721399,-0.06267810214282743,-0.30394801158650697,0.06236955631778945,0.04310541024372745,0.3,70,0.0,50.0,0.999205110982383,0.9987795886458485
-0.5054006808722514,-0.05474191957737546,-0.2655141388462065,0.054497731127074164,0.03766062832016838,0.3,80,0.0,50.0,0.999389553120839,0.9990612931712884
-0.4486814730077263,-0.048589703439292746,-0.2357096591744308,0.04839043188613175,0.03343718853420508,0.3,90,0.0,50.0,0.9995144938906835,0.9992537155902186
-0.40340924734766764,-0.04368068840434571,-0.2119215010500371,0.04351412107494396,0.030065564973606716,0.3,100,0.0,50.0,0.9996026157969542,0.999390526299134
-1.784946597014379,-0.18229854741442125,-0.9273596021825478,0.22827732210503618,0.14034122975884533,0.31999999999999995,20,0.0,50.0,0.9913651804988733,0.9875719838384134
-1.1821257059441903,-0.11808918749835969,-0.6136066934720193,0.1523188320739246,0.09261412930526929,0.31999999999999995,30,0.0,50.0,0.9962606821993891,0.9943958793169405
-0.8806653064033396,-0.08785812058510704,-0.4570665657794457,0.1135694915145578,0.06900836356655982,0.31999999999999995,40,0.0,50.0,0.9979309517151137,0.9968378785265992
-0.7015959478524578,-0.06995114621798729,-0.364099485920016,0.09051914076210645,0.054985644005837025,0.31999999999999995,50,0.0,50.0,0.9986920165972546,0.9979777466567514
-0.583034586839012,-0.05810641592315448,-0.3025540926394946,0.07524634669433843,0.04569889283703164,0.31999999999999995,60,0.0,50.0,0.9990986563779919,0.9985967032320161
-0.4987508023777502,-0.0496917998812275,-0.2588062579477791,0.06438344623911493,0.039095832165400926,0.31999999999999995,70,0.0,50.0,0.9993397987505764,0.9989682831649681
-0.4357577327220146,-0.043405928454688186,-0.22611169086391428,0.056261440036887274,0.0341600704910905,0.31999999999999995,80,0.0,50.0,0.9994935051099543,0.9992076767408272
-0.38689286748804186,-0.03853175077425807,-0.20075126299331894,0.049959162386472786,0.03033090128963153,0.31999999999999995,90,0.0,50.0,0.9995970714557701,0.9993704682419935
-0.34788241338126996,-0.034641728583779195,-0.18050603630712422,0.04492664464769831,0.027273687902161014,0.31999999999999995,100,0.0,50.0,0.9996696610656017,0.9994856538929294
-1.5536289634951088,-0.1427089298224494,-0.7994371507454336,0.235704912592489,0.12130102605753876,0.33999999999999997,20,0.0,50.0,0.9923966074546519,0.9889110571103772
-1.0314860437660178,-0.0927011436543507,-0.5303949088876784,0.15738192576079446,0.0802462284852946,0.33999999999999997,30,0.0,50.0,0.9967967500867053,0.9951131419492917
-0.7690167723491478,-0.06903609017301195,-0.39539784935751765,0.11739402330370823,0.059827554602337386,0.33999999999999997,40,0.0,50.0,0.998252941741709,0.9972765112425256
-0.6128914469200232,-0.0549925527363101,-0.31510646594233827,0.09358821712813985,0.047684115940756146,0.33999999999999997,50,0.0,50.0,0.9989050710701886,0.9982712914352719
-0.5094459601466029,-0.04569463223237785,-0.26191142483422386,0.0778081615984734,0.03963748639645579,0.33999999999999997,60,0.0,50.0,0.9992491775522616,0.9988057983595993
-0.43587401669642156,-0.03908547171336705,-0.22408071576772393,0.06658152488766596,0.03391423782878758,0.33999999999999997,70,0.0,50.0,0.9994513230692658,0.9991242216346816
-0.380869398850217,-0.034146359973467794,-0.19579869703105418,0.05818606722564823,0.029635152023289563,0.33999999999999997,80,0.0,50.0,0.9995792796432593,0.999328223110747
-0.33819135932593053,-0.030315386126291834,-0.17385553506587778,0.05167076769360436,0.026314883751950322,0.33999999999999997,90,0.0,50.0,0.999664812941332,0.9994661445008892
-0.30411396579051586,-0.027257266371922693,-0.15633498068672472,0.04646764112433533,0.02366364616222187,0.33999999999999997,100,0.0,50.0,0.9997243777035245,0.9995633028101246
-1.3675818037114325,-0.11002902625542625,-0.6987678591883006,0.24276701350671037,0.10021140760416637,0.36,20,0.0,50.0,0.9933115877646591,0.9901019642217352
-0.9100467920552778,-0.0716230311638787,-0.46476969971164867,0.1622493334301361,0.06643880542414822,0.36,30,0.0,50.0,0.9972600654930585,0.9957359552897507
-0.6789581100696591,-0.05339710870219321,-0.3467389354411239,0.12107418572931086,0.04956436409234896,0.36,40,0.0,50.0,0.998526909071042,0.9976518091176745
-0.5413206497782254,-0.04255922542669875,-0.27644060806708404,0.09654301981090473,0.039516712316223446,0.36,50,0.0,50.0,0.9990842136485039,0.9985197113128542
-0.45006186488400296,-0.035375954153969436,-0.22983165029898298,0.08027549580185533,0.03285478132631727,0.36,60,0.0,50.0,0.9993746812374236,0.9989814033052253
-0.38512874775091394,-0.03026650903927379,-0.19666910211047894,0.06869909645049507,0.02811463356742147,0.36,70,0.0,50.0,0.9995437200872943,0.9992544277419098
-0.3365679596341261,-0.026446406266658666,-0.1718688364453993,0.0600405695878953,0.024569671936765056,0.36,80,0.0,50.0,0.9996498625923246,0.9994283052285188
-0.29888122285642715,-0.023482394492327432,-0.15262241475499358,0.05332026284887764,0.021818520478810128,0.36,90,0.0,50.0,0.999720415715452,0.9995453741778108
-0.2687840837155941,-0.021115738417860755,-0.1372522304784009,0.04795290025947212,0.019621412965191952,0.36,100,0.0,50.0,0.9997690833012949,0.9996273545807917
-1.210769702570068,-0.08241541857382714,-0.6155110552415202,0.24798359484438326,0.07819091273603604,0.37999999999999995,20,0.0,50.0,0.9941152363251499,0.991169772875464
-0.8074217061943814,-0.05372543414102001,-0.41035898481785527,0.16591748796461994,0.051939302997374905,0.37999999999999995,30,0.0,50.0,0.9976561106667725,0.9962804995739712
-0.6028185799832544,-0.04010914027005748,-0.30638084214430283,0.1238657144010812,0.03877596933565463,0.37999999999999995,40,0.0,50.0,0.9987573319693125,0.997974898999914
-0.48079973511461765,-0.03199176713779452,-0.24436597782450092,0.09879220580607102,0.030927256540828292,0.37999999999999995,50,0.0,50.0,0.9992330658503685,0.9987312227269028
-0.3998403718640493,-0.026604162195065572,-0.20321807736248437,0.08215774875780388,0.02571952080330767,0.37999999999999995,60,0.0,50.0,0.9994780878882897,0.9991297717462007
-0.34220990853703237,-0.022768663633941286,-0.1739269693287435,0.07031695355349908,0.02201239399936412,0.37999999999999995,70,0.0,50.0,0.9996193613128591,0.9993638125054374
-0.29909710131305217,-0.01989934350351141,-0.15201455577439882,0.061458985039489995,0.019239125701311192,0.37999999999999995,80,0.0,50.0,0.9997074713109948,0.9995121270852043
-0.26563074768577977,-0.017672088214316747,-0.13500505849095176,0.05458292483497546,0.017086378493673074,0.37999999999999995,90,0.0,50.0,0.9997655018729189,0.9996113934611737
-0.23889937134992345,-0.015893125733761244,-0.12141869609998882,0.049090582459429946,0.015366868977579641,0.37999999999999995,100,0.0,50.0,0.9998052831297732,0.9996806318786453
-1.070901420526697,-0.05871876690128839,-0.542283027427148,0.24959984148183711,0.05615602995123159,0.39999999999999997,20,0.0,50.0,0.9948089409356065,0.9921322442291383
-0.7155548674788884,-0.038312566650927755,-0.3623291325664576,0.16718941946955468,0.037364585613554234,0.39999999999999997,30,0.0,50.0,0.9979885206826569,0.996758532452023
-0.5346289961288415,-0.02865840174545224,-0.27074076410194453,0.12487810221041326,0.02792170264720794,0.39999999999999997,40,0.0,50.0,0.9989473543055492,0.9982538860453563
-0.4265869453958225,-0.022882440895224357,-0.21603597205819405,0.09962713747944243,0.022281420217037728,0.39999999999999997,50,0.0,50.0,0.9993543386049321,0.9989118748274579
-0.3548480572566638,-0.019041219743745123,-0.17970910940642443,0.08286646258765108,0.01853541485441336,0.39999999999999997,60,0.0,50.0,0.9995615479239304,0.9992554778446566
-0.303756788299463,-0.016303227260341047,-0.1538364269237898,0.07093196104546648,0.015867215924689287,0.39999999999999997,70,0.0,50.0,0.9996800516197462,0.9994560129172316
-0.2655231683944505,-0.014253218861057583,-0.13447429296929203,0.06200188856713315,0.013870336010781366,0.39999999999999997,80,0.0,50.0,0.9997533999219094,0.9995823472222998
-0.23583699818263013,-0.012660963393434331,-0.11944043009207947,0.055068716065854985,0.01231979294445933,0.39999999999999997,90,0.0,50.0,0.9998013035209521,0.9996665890335322
-0.21212057976857626,-0.011388598004190356,-0.10742964041307701,0.049530056818712066,0.011081010595677232,0.39999999999999997,100,0.0,50.0,0.9998338251429577,0.9997249752281386
-0.940610274687041,-0.0384429464134905,-0.4745677819591262,0.24617736283334019,0.035163241406710656,0.41999999999999993,20,0.0,50.0,0.9953977473343495,0.9930024493922454
-0.6295021612142034,-0.025098882404295926,-0.3176631731292272,0.1650507268681309,0.02342539683347429,0.41999999999999993,30,0.0,50.0,0.9982622276903508,0.9971789395021612
-0.4707007472947475,-0.018833396853082995,-0.23756879589399868,0.12334996182406048,0.017529965127871867,0.41999999999999993,40,0.0,50.0,0.9991008641992202,0.9984950726256218
-0.37574252272691083,-0.015063014168672954,-0.1896577347543514,0.09843938855155655,0.0139995464083747,0.41999999999999993,50,0.0,50.0,0.9994510495892622,0.9990663394979873
-0.3126415368149254,-0.012547448376567821,-0.15781473876779198,0.08189514280915296,0.011651433682958807,0.41999999999999993,60,0.0,50.0,0.9996275971915598,0.9993622604300623
-0.2676790390837028,-0.010750783906302828,-0.13512282298324524,0.07011034945700968,0.00997741599980685,0.41999999999999993,70,0.0,50.0,0.9997277544677322,0.9995338472957723
-0.23401973892188932,-0.00940374248259378,-0.11813437495619863,0.06128999273783968,0.008723807436040272,0.41999999999999993,80,0.0,50.0,0.9997892067865014,0.9996414930459219
-0.20787831336965912,-0.008356453813762873,-0.10493973855957334,0.05444068082264634,0.007749963732193405,0.41999999999999993,90,0.0,50.0,0.9998290766558069,0.9997128110135254
-0.186989530915854,-0.007518942514002039,-0.09439597357873969,0.0489682034584418,0.006971659699512534,0.41999999999999993,100,0.0,50.0,0.9998558015829028,0.9997619405858094
-0.8176804617776285,-0.021505588706709166,-0.41072957193065707,0.23725475974896842,0.01635860511292862,0.43999999999999995,20,0.0,50.0,0.99589423965605,0.9937904086823125
-0.5476076588347887,-0.014058807451388875,-0.27518762658984897,0.15909472619118506,0.010899964201406402,0.43999999999999995,30,0.0,50.0,0.9984850733119707,0.9975486931587543
-0.40976119897379987,-0.010615754885658446,-0.20597081025501657,0.11896156774939921,0.008180708258305204,0.43999999999999995,40,0.0,50.0,0.99922327427868,0.9987035680812761
-0.32723802401359514,-0.008518904890505878,-0.1645114519357708,0.09496803724602568,0.006543520639020216,0.43999999999999995,50,0.0,50.0,0.999527169230942,0.9991984961270028
-0.2723590217527539,-0.0071107382472844665,-0.13693311242908032,0.07902390684297296,0.00545130512141347,0.43999999999999995,60,0.0,50.0,0.9996790430245053,0.9994529312421684
-0.2332354062379123,-0.0061009727273863435,-0.11726922077929756,0.06766228788854847,0.004671178523020634,0.43999999999999995,70,0.0,50.0,0.9997645857478226,0.9995996794967565
-0.2039366610761954,-0.005341858310346129,-0.10254185409037322,0.059156361349161905,0.004086223958467404,0.43999999999999995,80,0.0,50.0,0.9998167276384093,0.9996912062159244
-0.1811757715448652,-0.004750515003919752,-0.09109996239151105,0.05254988253188079,0.003631390739087503,0.43999999999999995,90,0.0,50.0,0.9998502570636778,0.999751549230167
-0.1629845085746126,-0.004276922522634257,-0.08195470719803816,0.04727060062597032,0.003267628374273474,0.43999999999999995,100,0.0,50.0,0.9998725706388178,0.9997929506573828
-0.7042442649715376,-0.007902242936399198,-0.3515455026379763,0.2237886727085424,0.0006600949149167206,0.45999999999999996,20,0.0,50.0,0.9963186982983934,0.9945041786385129
-0.4710253353907299,-0.005216194916488259,-0.2352952984558483,0.14981387246594624,0.00043434371600571003,0.45999999999999996,30,0.0,50.0,0.9986677009936401,0.9978735762040524
-0.3526085836937982,-0.004026523323029892,-0.17620867298720394,0.11205064511166554,0.0003599029420272388,0.45999999999999996,40,0.0,50.0,0.9993213272736857,0.9988836606315491
-0.2816856744517613,-0.003267991008236087,-0.14079377607540083,0.08947097827873528,0.00030210403982608246,0.45999999999999996,50,0.0,50.0,0.9995872355944574,0.9993114615133702
-0.23449754182877436,-0.0027464742639690966,-0.11722170467039673,0.07446153321502633,0.0002588612891452375,0.45999999999999996,60,0.0,50.0,0.9997191710097738,0.9995298650311412
-0.20084437818317868,-0.002367248044403633,-0.10040693366612864,0.06376321523576502,0.00022594991920809896,0.45999999999999996,70,0.0,50.0,0.999793122822833,0.9996552530650001
-0.1756353849997764,-0.002079501287688326,-0.08780933259558231,0.05575229971351397,0.0002002529924248715,0.45999999999999996,80,0.0,50.0,0.999837862679371,0.9997330279955725
-0.15604750640931722,-0.0018538619873210334,-0.07801966016908361,0.04952934300686539,0.00017970257862319125,0.45999999999999996,90,0.0,50.0,0.9998664142388574,0.9997839505581044
-0.14038960971442993,-0.0016722543979828738,-0.07019346457481046,0.04455593262073079,0.00016292341101023394,0.45999999999999996,100,0.0,50.0,0.9998853202955602,0.9998188812947346
-0.6051717870848767,0.0025989015980791303,-0.2993134260576113,0.20815834410960146,-0.01160114335705476,0.4799999999999999,20,0.0,50.0,0.9966958527598395,0.9951504104685587
-0.4027247101444023,0.0015446421049866766,-0.19939785322409614,0.13862001411620267,-0.007688366998029582,0.4799999999999999,30,0.0,50.0,0.9988221362265237,0.9981585832332651
-0.30138727612255506,0.00101221768369742,-0.14930211383327227,0.10363049411672215,-0.005710089876725431,0.4799999999999999,40,0.0,50.0,0.999402258421486,0.9990390435780666
-0.24076723472049233,0.0007486836481148558,-0.11930442073262543,0.08274046628439778,-0.004543264084491306,0.4799999999999999,50,0.0,50.0,0.9996360908480999,0.9994079935317912
-0.20044143852128446,0.0005928051799076764,-0.09933875762324555,0.06885891713176912,-0.0037730058108731463,0.4799999999999999,60,0.0,50.0,0.9997515723621728,0.9995952923068874
-0.17168262285302016,0.0004901225946421222,-0.08509542277335716,0.05896565516521851,-0.0032262790759240976,0.4799999999999999,70,0.0,50.0,0.9998159210287156,0.9997022418926446
-0.15013924286529085,0.00041750261168076955,-0.07442334077786274,0.05155786923197931,-0.0028180369281869985,0.4799999999999999,80,0.0,50.0,0.9998545799990199,0.9997682124105771
-0.1333989390704205,0.00036348812223212056,-0.06612928365120899,0.045803500289258954,-0.0025015497713122437,0.4799999999999999,90,0.0,50.0,0.9998790755459858,0.9998112437046621
-0.1200167598052219,0.0003217706099351161,-0.05949823382116702,0.04120458909311351,-0.00224899684575591,0.4799999999999999,100,0.0,50.0,0.9998951803506926,0.9998405141525641
-0.5260808698951296,0.010629833253583468,-0.2567205337298422,0.1936820940375824,-0.02086463159465259,0.49999999999999994,20,0.0,50.0,0.9970495900315642,0.9957347318974519
-0.34624552356372984,0.006583219480194296,-0.16922195216069028,0.1275584911919805,-0.013673759829544425,0.49999999999999994,30,0.0,50.0,0.9989596584194932,0.9984081141002757
-0.25867687476897555,0.004754170498675208,-0.1265149522794719,0.09518415160991293,-0.010164366643172757,0.49999999999999994,40,0.0,50.0,0.9994726906418172,0.9991729520640581
-0.20651491673465647,0.0037277745972357458,-0.1010410186562168,0.07594188286160801,-0.008093254719848834,0.49999999999999994,50,0.0,50.0,0.9996780852513972,0.9994904723138203
-0.17186811187016737,0.003067818435878783,-0.08410868938486932,0.06317645349913349,-0.006724499716612943,0.49999999999999994,60,0.0,50.0,0.9997791058248957,0.9996507999335378
-0.14717854546454703,0.0026070827156554305,-0.07203727216941944,0.05408655459522155,-0.005752144840174763,0.49999999999999994,70,0.0,50.0,0.999835240061165,0.9997420149297891
-0.12869215532026818,0.002266964461126551,-0.06299605731719103,0.04728394280451766,-0.005025632092026513,0.49999999999999994,80,0.0,50.0,0.9998687864915671,0.9997980107930985
-0.11433178486613363,0.002005493595770946,-0.055971249876408447,0.042001579852285864,-0.0044621389638698295,0.49999999999999994,90,0.0,50.0,0.9998897587741058,0.9998342108455894
-0.10285467187583085,0.001798179317405906,-0.05035595171246176,0.037780990700417606,-0.004012309361914458,0.49999999999999994,100,0.0,50.0,0.9999036882553665,0.999858930223423
-0.4714554673879942,0.017221139958688507,-0.22573569818905875,0.18378119153041667,-0.028238396559331646,0.5199999999999999,20,0.0,50.0,0.9973971714473387,0.9962620214657303
-0.30450092586447336,0.010499182996575243,-0.14610937385466044,0.11879478641212611,-0.018164792783261628,0.5199999999999999,30,0.0,50.0,0.9990886939450716,0.998626101394972
-0.22661386994513422,0.007626777189796843,-0.108842613554143,0.08829124438342532,-0.013460300555320782,0.5199999999999999,40,0.0,50.0,0.9995375785087743,0.9992882347184286
-0.18061699445875792,0.006002324859599481,-0.08679441295789966,0.07032012426526532,-0.010703783839897108,0.5199999999999999,50,0.0,50.0,0.999716526107819,0.9995610198205952
-0.15017367132669718,0.0049516107367590205,-0.07218756983219314,0.05844187791071832,-0.00888717185740585,0.5199999999999999,60,0.0,50.0,0.9998042573259693,0.999698120481789
-0.12852251872294007,0.0042150844179138156,-0.06179305348506058,0.05000118575469256,-0.007598637618985409,0.5199999999999999,70,0.0,50.0,0.9998527571629783,0.9997757353686147
-0.1123317064272275,0.0036697772564811535,-0.054016838905949036,0.04369280295016436,-0.006636815374458223,0.5199999999999999,80,0.0,50.0,0.999881523101851,0.9998230990518329
-0.09976564715663706,0.0032496349587399697,-0.04797976193748094,0.03879875097554861,-0.005891308639621033,0.5199999999999999,90,0.0,50.0,0.9998994958389041,0.9998536693471713
-0.08972909662076549,0.0029159369854278526,-0.04315685009844156,0.03489108720550393,-0.005296468147340397,0.5199999999999999,100,0.0,50.0,0.9999111768356859,0.9998742788972441
-0.44327651047784034,0.023652654031075478,-0.20678494442913906,0.18105643956057715,-0.03514083752801441,0.5399999999999999,20,0.0,50.0,0.9977447255627047,0.9967365932679678
-0.2788771582502067,0.01403863870224454,-0.13048052680144992,0.1140314649529137,-0.022027172115687013,0.5399999999999999,30,0.0,50.0,0.9992133050282743,0.9988160887790518
-0.2062273439408981,0.01016309445117179,-0.09661745741428121,0.08420203573015846,-0.016222617727295368,0.5399999999999999,40,0.0,50.0,0.9995995024381774,0.9993874053473796
-0.16389140767087465,0.007988193615834228,-0.076836343009995,0.06686368751547801,-0.012864539585446168,0.5399999999999999,50,0.0,50.0,0.9997530248732793,0.9996213025819535
-0.136036962691806,0.006585398808296824,-0.06380465713015682,0.05547285815313929,-0.010663955579563969,0.5399999999999999,60,0.0,50.0,0.9998281039888104,0.999738341217484
-0.11629479467754122,0.005603528761636937,-0.05456084761117259,0.04740684651448368,-0.009108150046985907,0.5399999999999999,70,0.0,50.0,0.999869317368965,0.9998043229893137
-0.10156459147502239,0.004877235501554273,-0.04765997772762853,0.041392319961588625,-0.007949298334544405,0.5399999999999999,80,0.0,50.0,0.9998936964016065,0.9998444338647354
-0.09015022815308436,0.004317990548661844,-0.042310387129104066,0.03673381101085661,-0.007052425820401985,0.5399999999999999,90,0.0,50.0,0.9999086609733954,0.9998700548658327
-0.08104427697188726,0.003874004100305866,-0.03804138562948224,0.03301871297048429,-0.006337611886232765,0.5399999999999999,100,0.0,50.0,0.9999182170231868,0.9998871668757574
-0.44039519830089224,0.03123372067570071,-0.19838927809208418,0.1865691534735145,-0.042827448806408076,0.5599999999999999,20,0.0,50.0,0.9980858376754774,0.9971623429044199
-0.2687757609821938,0.017955511531216575,-0.12157639818825698,0.11403285802854073,-0.026053555304622552,0.5599999999999999,30,0.0,50.0,0.9993328157758106,0.9989812814626245
-0.19709605092637575,0.012899973925466204,-0.08931652124870167,0.08348800988734083,-0.01902806654010453,0.5599999999999999,40,0.0,50.0,0.9996585046658759,0.9994726926009225
-0.15601232696836304,0.010103597410651283,-0.07076647144620413,0.06602839994396537,-0.015029480161960576,0.5599999999999999,50,0.0,50.0,0.9997877877364827,0.9996728998728124
-0.12919229640586244,0.008312062562451664,-0.05863539204381321,0.054648500012095196,-0.012429344637361258,0.5599999999999999,60,0.0,50.0,0.9998508194104401,0.9997727816254806
-0.11027107909457845,0.0070630834315113765,-0.050067667939876465,0.04662803225543111,-0.0105994669211872,0.5599999999999999,70,0.0,50.0,0.9998851996714575,0.9998287443506535
-0.09619675555435316,0.006141648515892586,-0.043689884999335876,0.040666135615717545,-0.009240619781047326,0.5599999999999999,80,0.0,50.0,0.9999052598707132,0.999862531023621
-0.08531453356584696,0.0054334815325850164,-0.03875590913165044,0.036058688468136514,-0.00819125123418506,0.5599999999999999,90,0.0,50.0,0.9999175853664702,0.9998841470428937
-0.07664737770364856,0.004872059474944889,-0.03482460510353607,0.032390461145361565,-0.007356261745048748,0.5599999999999999,100,0.0,50.0,0.9999250512529071,0.9998981236984759
-0.45869386220243535,0.04110875240762291,-0.19732116720677922,0.1995463659801644,-0.05198306266791249,0.58,20,0.0,50.0,0.998404334637311,0.9975428544563463
-0.2716363727968936,0.022879774592761904,-0.11752446465211999,0.11839851915012348,-0.030696595745455666,0.58,30,0.0,50.0,0.9994429127283408,0.9991245766470692
-0.19735545820027045,0.01627986484490251,-0.08560592312200474,0.08587229917532442,-0.022209746651244734,0.58,40,0.0,50.0,0.9997127221714798,0.9995460074169106
-0.15551247140498414,0.012691027109477193,-0.06754607758204455,0.06760236093372178,-0.017462350634971126,0.58,50,0.0,50.0,0.9998197720184465,0.9997171174183234
-0.1284298164309528,0.010411373450806652,-0.055828564412625126,0.05579717690644169,-0.014401738794929906,0.58,60,0.0,50.0,0.99987170862916,0.9998021445260352
-0.10942200035536588,0.008830356965059901,-0.04759223114279197,0.04752053992286977,-0.01225898765014833,0.58,70,0.0,50.0,0.9998998490691833,0.9998495991527128
-0.09533240817899347,0.007668060365552194,-0.04148069107400078,0.04138992124409105,-0.010673375153487718,0.58,80,0.0,50.0,0.9999159055016823,0.9998779117517856
-0.08446564049056862,0.006777047049120098,-0.0367635264609622,0.03666411707603033,-0.009451975737600253,0.58,90,0.0,50.0,0.9999257221403905,0.999895980148936
-0.07582714010894152,0.0060720243868445396,-0.03301147172322593,0.032908875476021456,-0.008481951428139031,0.58,100,0.0,50.0,0.9999312046028724,0.9999072953287854
-0.4919483841981948,0.054172913742406986,-0.19921130006360271,0.21760438611259503,-0.0625283511995518,0.6,20,0.0,50.0,0.9986807950461262,0.9978814486017376
-0.28339744569536823,0.02923566103424321,-0.11570043408443555,0.12565598051274499,-0.035926581414222745,0.6,30,0.0,50.0,0.999538023226378,0.999248585088609
-0.20402386623401614,0.020586989509545787,-0.08360257591349791,0.09029211129406975,-0.025751140189007947,0.6,40,0.0,50.0,0.9997595846352614,0.9996090300301876
-0.1600368381738036,0.015965580228638837,-0.06570350321690224,0.0707534040413641,-0.020152482382834534,0.6,50,0.0,50.0,0.9998474791245937,0.9997550537274642
-0.1318034446360793,0.013056721764079682,-0.05417550573652622,0.05823489478045493,-0.016573612560073094,0.6,60,0.0,50.0,0.999889930250633,0.9998274037766658
-0.11208935025090963,0.011050713248419636,-0.046108797766489185,0.04950368030157606,-0.014081078106886743,0.6,70,0.0,50.0,0.9999125546540883,0.9998674424095851
-0.09752699093889144,0.009581665889241973,-0.040141355998685166,0.04305914809946999,-0.012243160975803061,0.6,80,0.0,50.0,0.9999252535314196,0.9998911519595377
-0.08632385386554689,0.00845865616959272,-0.03554556157533794,0.03810405050793288,-0.010831044197270788,0.6,90,0.0,50.0,0.9999326935730539,0.9999060587905209
-0.0774349592501875,0.0075719604317691725,-0.031896151797034956,0.034174238527943115,-0.009711738609419972,0.6,100,0.0,50.0,0.9999366017706196,0.9999151874587615
-0.5332555695142442,0.07116420598845233,-0.19943635164382878,0.2374578936457488,-0.07371386132500621,0.6199999999999999,20,0.0,50.0,0.9989001351632375,0.9981812744914192
-0.2993115045672748,0.03723975956884286,-0.11329411770938437,0.13366484277984617,-0.04126631180588768,0.6199999999999999,30,0.0,50.0,0.9996140821459005,0.9993556469584326
-0.21358578117670157,0.025938325783672982,-0.08128758746634057,0.09518784541253958,-0.02930861220807948,0.6199999999999999,40,0.0,50.0,0.9997971939480863,0.9996631683551114
-0.16679870554896398,0.020005396391581803,-0.0636599927443352,0.07425501612735512,-0.02283153411368663,0.6199999999999999,50,0.0,50.0,0.9998698067948565,0.9997876233542256
-0.13700557592053655,0.016306108198799192,-0.052379039074936795,0.06095086977746684,-0.018724862485416906,0.6199999999999999,60,0.0,50.0,0.999904535179109,0.999848974503836
-0.11630423164311564,0.013770002470258292,-0.044516174178522536,0.05171780576355068,-0.015879174240383674,0.6199999999999999,70,0.0,50.0,0.9999227894744904,0.9998827171103744
-0.10106366771900466,0.011920251438580491,-0.03871506753427516,0.044925957755230915,-0.013788082424008677,0.6199999999999999,80,0.0,50.0,0.9999327133196094,0.9999024517246982
-0.08936721887706464,0.010510382296844195,-0.034256039907832256,0.039716680148291904,-0.012185469970008283,0.6199999999999999,90,0.0,50.0,0.9999382798723115,0.99991462222764
-0.08010400940717985,0.00939969138312377,-0.030720441857485934,0.03559301046021606,-0.010917585959929418,0.6199999999999999,100,0.0,50.0,0.9999407386878748,0.9999217710934567
-0.5769090366715209,0.0930083726229364,-0.19403813233868145,0.25598658730103135,-0.0844902697860577,0.6399999999999999,20,0.0,50.0,0.9990567135805234,0.9984452937760994
-0.3150270028883143,0.047005518554702024,-0.10793803705604801,0.14025713893041705,-0.04600202898179452,0.6399999999999999,30,0.0,50.0,0.9996703876333948,0.9994478477742482
-0.2227652453438072,0.03234533554062351,-0.07697018792472714,0.0989639003997174,-0.032361690532855265,0.6399999999999999,40,0.0,50.0,0.9998253883985235,0.9997096979230109
-0.17318361614996342,0.024795652135264048,-0.06009674659241764,0.07684718483825839,-0.025090647904873198,0.6399999999999999,50,0.0,50.0,0.9998866162287716,0.9998155815775678
-0.14186312632051962,0.020136366023332148,-0.04935706139138647,0.06290430141965511,-0.020518906860099873,0.6399999999999999,60,0.0,50.0,0.9999156204946491,0.9998675565623765
-0.12020808403069298,0.016962580219137876,-0.041896518692820524,0.053276414052311434,-0.01736727455398504,0.6399999999999999,70,0.0,50.0,0.9999304691593366,0.9998957832504545
-0.10431912998925955,0.014657924137335205,-0.03640478012545195,0.046218324477188,-0.015059509034163466,0.6399999999999999,80,0.0,50.0,0.999938438560911,0.9999122343120793
-0.0921549262288839,0.012906983765677614,-0.032190528074129546,0.040818276351083996,-0.01329535739974587,0.6399999999999999,90,0.0,50.0,0.999942379676896,0.9999219234750933
-0.0825391814119786,0.011530985126676972,-0.02885320634595908,0.03655164892035452,-0.01190238323419758,0.6399999999999999,100,0.0,50.0,0.9999439102495244,0.9999274158372469
-0.6206638396117126,0.12158919099167127,-0.18032674535416038,0.27146907589446284,-0.09407159487251564,0.6599999999999999,20,0.0,50.0,0.9991536298930506,0.9986763567003816
-0.32786564636356175,0.0588052475128977,-0.0982133846549222,0.14399094626731315,-0.04951938569414769,0.6599999999999999,30,0.0,50.0,0.9997095497247728,0.9995270346624234
-0.2294309365886781,0.03987478908637132,-0.0696720670198729,0.10053027705389973,-0.03445360112526461,0.6599999999999999,40,0.0,50.0,0.9998455131771873,0.9997496103407257
-0.17745311544409098,0.030345530362151762,-0.054262227894402264,0.07766004014882248,-0.026568295189406378,0.6599999999999999,50,0.0,50.0,0.9998987266569629,0.9998395498570839
-0.14491392012069976,0.024535314195120245,-0.04449808400412398,0.06337251516887972,-0.02165691385557391,0.6599999999999999,60,0.0,50.0,0.9999235339265218,0.9998833794394089
-0.12254100723829321,0.020607422811860936,-0.0377339078437049,0.053561730276884684,-0.018290804982676524,0.6599999999999999,70,0.0,50.0,0.9999359552185488,0.9999069179970849
-0.1061872952671225,0.017769983444691943,-0.032764096049345284,0.04639690117619567,-0.015835742122432533,0.6599999999999999,80,0.0,50.0,0.9999423173182732,0.9999204437220173
-0.09370156156937734,0.015622447296222005,-0.028955539365703963,0.04093030284482296,-0.013964378599354102,0.6599999999999999,90,0.0,50.0,0.9999452786349883,0.9999280663664066
-0.08385215130117002,0.013939665854505559,-0.025942599359391968,0.036620129730466494,-0.012489969920342039,0.6599999999999999,100,0.0,50.0,0.9999459794992439,0.999932173430069
-0.6683505465316087,0.16140793059842234,-0.15661182219392622,0.28472414626328557,-0.10254756258209306,0.6799999999999999,20,0.0,50.0,0.999195102089616,0.9988772192270969
-0.33823845432717764,0.07362337384026169,-0.0837859320135628,0.14485990300004006,-0.05167468352203198,0.6799999999999999,30,0.0,50.0,0.9997354757111976,0.9995948353258122
-0.23358258344638494,0.048982910853474365,-0.05926721769737067,0.09980967298999643,-0.035456125656025045,0.6799999999999999,40,0.0,50.0,0.9998595692163872,0.9997837256300597
-0.17950485262971172,0.03692899760705498,-0.046094729405637885,0.0766090312897177,-0.027156624560344598,0.6799999999999999,50,0.0,50.0,0.999907361802501,0.9998600409841384
-0.14602578726034016,0.029690327810681427,-0.03776776569636803,0.06227490746466741,-0.02204695345080261,0.6799999999999999,60,0.0,50.0,0.9999292446640464,0.9998969371619258
-0.123164277213309,0.024843237853405968,-0.03200785024948011,0.0524992568096332,-0.018569986396274416,0.6799999999999999,70,0.0,50.0,0.9999398037308977,0.9999163760975405
-0.10653143405154893,0.021364719432913803,-0.02778033836819947,0.045393279172031474,-0.016046439985466315,0.6799999999999999,80,0.0,50.0,0.9999451453670691,0.9999273261952052
-0.09387562011520525,0.018744598210854817,-0.024543149178205846,0.039989878420082656,-0.014129688676000118,0.6799999999999999,90,0.0,50.0,0.9999471986202882,0.9999332093178454
-0.08391772834083222,0.01669902420640999,-0.021983746989173852,0.03574044893746967,-0.012623582646194568,0.6799999999999999,100,0.0,50.0,0.9999472757616362,0.9999360002209996
-0.732524764936574,0.22331729591865965,-0.11995920536415869,0.29968495030771275,-0.1113087644500077,0.7,20,0.0,50.0,0.999172049879263,0.9990505597680426
-0.3510954801217082,0.09433759144338258,-0.06478784095447572,0.14475134597420328,-0.053079019143784385,0.7,30,0.0,50.0,0.9997501434293226,0.9996526791257832
-0.23834104716095408,0.06120808694813119,-0.0461438618306283,0.09806707116554873,-0.03577170453832925,0.7,40,0.0,50.0,0.9998689683648623,0.9998128807890908
-0.1816258312990679,0.04557563529630038,-0.035991200005510995,0.07465110669173224,-0.027158239910286222,0.7,50,0.0,50.0,0.9999133469798659,0.9998774827356911
-0.1470049093142123,0.036368611311062164,-0.029533620519147957,0.06038232200995703,-0.021932098545281317,0.7,60,0.0,50.0,0.9999331884236654,0.9999083845503337
-0.1235707327635081,0.030278914432390176,-0.025052222825580246,0.050734775013504034,-0.01840814718279909,0.7,70,0.0,50.0,0.999942558931583,0.9999244021216609
-0.10662385074371263,0.02594574365549183,-0.021756569780265016,0.043763276067931574,-0.01586644659538472,0.7,80,0.0,50.0,0.9999470647340349,0.9999331957696157
-0.09378572805182409,0.022702249618489097,-0.01922961834929267,0.03848494995722019,-0.013944691980073988,0.7,90,0.0,50.0,0.9999484264070478,0.9999375192498572
-0.08371822618347707,0.02018211903190182,-0.017229881474393267,0.03434750644271688,-0.012439894671170916,0.7,100,0.0,50.0,0.9999479606313337,0.999939131884479
-0.8350748462502877,0.3330316070826616,-0.05946757267525922,0.3220679325747068,-0.12274542687641839,0.7199999999999999,20,0.0,50.0,0.9990399551476683,0.9991989852397415
-0.37695838198902293,0.12830347410175372,-0.039720897882741954,0.1472774654644314,-0.05511299814267898,0.7199999999999999,30,0.0,50.0,0.9997494375053396,0.9997018195701507
-0.25068820230292543,0.08064121155890294,-0.02999208617391645,0.09783897771719778,-0.03635684538074389,0.7199999999999999,40,0.0,50.0,0.999872510415817,0.9998376257798748
-0.1890578398226242,0.059093659167746476,-0.023952086148267944,0.07374128366380678,-0.027307089058154967,0.7199999999999999,50,0.0,50.0,0.9999162307318782,0.9998922389283263
-0.15205145285399796,0.04670032862316871,-0.019903545152730642,0.059285683138311215,-0.021908392677205814,0.7199999999999999,60,0.0,50.0,0.9999351729935946,0.9999179881261362
-0.1272657315861861,0.03862745662518535,-0.017015557453019237,0.04960967348148143,-0.018307284888953942,0.7199999999999999,70,0.0,50.0,0.9999439829161829,0.9999312627856312
-0.10947297825786881,0.032944297273321974,-0.014855600337169211,0.042666526251320315,-0.015729448737602406,0.7199999999999999,80,0.0,50.0,0.9999479074233567,0.9999379930277157
-0.09606709784220678,0.02872387781884923,-0.013180536341504581,0.03743683300670529,-0.013791178229663359,0.7199999999999999,90,0.0,50.0,0.9999489522630925,0.9999410595960125
-0.08559813367530601,0.025464652319192378,-0.011844097971183416,0.033353791757498495,-0.01227991078109256,0.7199999999999999,100,0.0,50.0,0.9999482309369626,0.9999418027696314
-0.9952495776043535,0.5482512908490429,0.05992792781041287,0.35155447539830376,-0.1375352870181503,0.7399999999999999,20,0.0,50.0,0.9986972884961307,0.9993250270627854
-0.43046468233590984,0.19279795998619131,-0.0004325355782875818,0.1559712156915927,-0.059281744895765466,0.7399999999999999,30,0.0,50.0,0.9997166739376052,0.9997433574557586
-0.28093442266055274,0.11697079012672502,-0.006975711139517186,0.10195206675431004,-0.03836154979881294,0.7399999999999999,40,0.0,50.0,0.9998639756525914,0.9998584602393198
-0.2097056455448604,0.08416004664203457,-0.007619946222354743,0.0761535753682577,-0.028515011475215752,0.7399999999999999,50,0.0,50.0,0.9999128741531076,0.999904626988108
-0.16756629905298942,0.06576304134099152,-0.0072255566462564825,0.060874693423913204,-0.02272837918662064,0.7399999999999999,60,0.0,50.0,0.9999334517851888,0.9999260862626294
-0.13962478573090376,0.05397931747809431,-0.006646563703302476,0.05073700964979443,-0.018907241150934544,0.7399999999999999,70,0.0,50.0,0.9999429443698818,0.9999368023470963
-0.11971138310928749,0.04578256645138209,-0.00607987781533958,0.04350884184739129,-0.016191666711053616,0.7399999999999999,80,0.0,50.0,0.9999470245944636,0.9999419601279342
-0.10478941628034008,0.039749867571754915,-0.005571452385895439,0.038090710529156205,-0.014160947464384538,0.7399999999999999,90,0.0,50.0,0.9999480853612053,0.9999438531852383
-0.09318615837332081,0.03512351268020876,-0.005126629492941157,0.03387655829349188,-0.012584335408654904,0.7399999999999999,100,0.0,50.0,0.9999473436426937,0.9999437409085616
-1.1649641669054849,0.9713085220125763,0.3216636767248886,0.3549023196763511,-0.14487072137343468,0.7599999999999999,20,0.0,50.0,0.9980623713184954,0.9994311289019793
-0.5180770147679269,0.3237433336289852,0.07751440886440333,0.16790125522952637,-0.0648710440947023,0.7599999999999999,30,0.0,50.0,0.9996167979055317,0.9997782632542362
-0.337012201984421,0.19070430906748764,0.0356900156987781,0.11024033302198476,-0.0419004658030975,0.7599999999999999,40,0.0,50.0,0.9998283244738313,0.9998759635523802
-0.2505408485748732,0.13496329561249612,0.021437987497498392,0.08229638768897343,-0.031043098611274453,0.7599999999999999,50,0.0,50.0,0.9998950328098479,0.9999149316127482
-0.19955091894457064,0.10435764999585227,0.014726750687987386,0.065704909873222,-0.02467613425391013,0.7599999999999999,60,0.0,50.0,0.9999226917288664,0.9999326813314764
-0.16586458314791583,0.0850371873407551,0.01096576360823291,0.0546986955414921,-0.020483883983144765,0.7599999999999999,70,0.0,50.0,0.999935721451973,0.999941232122552
-0.14193454070505945,0.07174057473784079,0.008614486043375981,0.046858635232175636,-0.01751249952581226,0.7599999999999999,80,0.0,50.0,0.9999416775238117,0.9999451168701234
-0.12405172911612122,0.062034014331459345,0.00702945217347906,0.04098825780516421,-0.015295594653954301,0.7599999999999999,90,0.0,50.0,0.9999438875155955,0.9999461158510525
-0.11017797771964155,0.0546380282138504,0.005900413253020817,0.03642718327688021,-0.013577791123197548,0.7599999999999999,100,0.0,50.0,0.9999438546439039,0.9999453220177892
-1.069191192612378,1.6314428279450115,0.8051437257944175,0.22580475313815254,-0.10692721631358966,0.7799999999999999,20,0.0,50.0,0.997357037294799,0.999519629019241
-0.5925400073012457,0.571463286107812,0.2404632801127616,0.15791946991218023,-0.06328324413431169,0.7799999999999999,30,0.0,50.0,0.9994241253727149,0.9998073976896563
-0.4022802948966092,0.33492652261197814,0.12515346643960026,0.11128791323655406,-0.043095953712802955,0.7799999999999999,40,0.0,50.0,0.9997462287142207,0.9998904294578896
-0.3035168443043661,0.23544804121670782,0.08194156516233649,0.08528349241826283,-0.03255380317086983,0.7799999999999999,50,0.0,50.0,0.9998503711209313,0.9999234142281627
-0.2434406771891099,0.18109747760767117,0.06011425477153013,0.0689947973251649,-0.026127474399227572,0.7799999999999999,60,0.0,50.0,0.9998946893886186,0.9999381140419965
-0.20313908989777513,0.1469755760711551,0.047164547239551255,0.05788902853919173,-0.02181124558394895,0.7799999999999999,70,0.0,50.0,0.9999165013116358,0.9999450005500294
-0.17425637400030172,0.12360621169604276,0.03866907697385399,0.04984707541599254,-0.018715555369924666,0.7799999999999999,80,0.0,50.0,0.9999274566542784,0.9999476550733939
-0.15255143059702983,0.1066166052459784,0.0326990158627569,0.04375996325761406,-0.01638792166516975,0.7799999999999999,90,0.0,50.0,0.9999329634875953,0.9999478226077543
-0.13564827673300378,0.09371607437341113,0.02828893055878757,0.03899426302153668,-0.014574498924426969,0.7799999999999999,100,0.0,50.0,0.9999350657596398,0.9999464095302015
-0.3782376723048249,2.1298382925738335,1.2873505391419358,-0.09187575812608266,-0.0008020792977530638,0.7999999999999999,20,0.0,50.0,0.9962023558284494,0.9995927405554146
-0.49075666624864744,0.9111889309578619,0.49992447523421873,0.07268504074947851,-0.03593521160808537,0.7999999999999999,30,0.0,50.0,0.9991671109811998,0.9998315296781028
-0.3918035166339478,0.5600873753450853,0.28374641339708384,0.07392865026270037,-0.03125443443481987,0.7999999999999999,40,0.0,50.0,0.9996231586992695,0.9999023913505668
-0.3146186492976209,0.4002488633920816,0.1935576455036613,0.06406203116628728,-0.025852007502243885,0.7999999999999999,50,0.0,50.0,0.9997780364293134,0.9999303188880446
-0.26064020701598634,0.31016591473290284,0.1455142704463778,0.05510294135240205,-0.021743057601492817,0.7999999999999999,60,0.0,50.0,0.9998471591883056,0.9999424440370962
-0.22180399753122607,0.2527341268825317,0.11606160783399046,0.047956727618698694,-0.018674252630877578,0.7999999999999999,70,0.0,50.0,0.9998827587753361,0.999947918023208
-0.19278166048945652,0.21305466436339882,0.09629585902292144,0.04230897076066103,-0.01633155053893747,0.7999999999999999,80,0.0,50.0,0.999902429853592,0.9999495472303216
-0.1703580907586449,0.18404996164288356,0.08216935781267443,0.037788492521538604,-0.014496308394710609,0.7999999999999999,90,0.0,50.0,0.9999133700979367,0.9999490535050339
-0.1525479114676957,0.16194627969977782,0.07159605150881074,0.03410945731003578,-0.013024413673899842,0.7999999999999999,100,0.0,50.0,0.9999192564114251,0.9999472184223038
0.4968592999785111,2.0602048883945456,1.3861062970339482,-0.38006857137514005,0.09780397007301307,0.8199999999999998,20,0.0,50.0,0.9940053954562968,0.9996525328272331
-0.11231441170095789,1.1196355521221661,0.7065141685347791,-0.08431013886123642,0.015845043231288002,0.8199999999999998,30,0.0,50.0,0.9987140323796398,0.9998513543668656
-0.19572953622865322,0.7597315561727407,0.4511142698920131,-0.020361684170476575,-0.00044460650194097983,0.8199999999999998,40,0.0,50.0,0.9994407782255889,0.9999121127022272
-0.1946447201294038,0.5684426268073158,0.325881197730329,-0.00037415773422474585,-0.004847131805890844,0.8199999999999998,50,0.0,50.0,0.9996773381521494,0.9999358745808734
-0.17882396237851625,0.4519871540745098,0.25330175871827904,0.007119766471055003,-0.006107355652931724,0.8199999999999998,60,0.0,50.0,0.9997823598340145,0.999945838788096
-0.16179465241980936,0.37432413780737356,0.20646581787207102,0.010119792784509918,-0.00634094919892488,0.8199999999999998,70,0.0,50.0,0.9998374459469793,0.9999501753067959
-0.14644286729973324,0.3190774426338149,0.17393133382250214,0.011255584370046685,-0.006203846280024905,0.8199999999999998,80,0.0,50.0,0.9998685886380231,0.9999510117132427
-0.13319122673044606,0.2778630142164776,0.15009542417351548,0.01154816173274127,-0.005933048383313993,0.8199999999999998,90,0.0,50.0,0.9998870412736329,0.999949966181981
-0.12186055944049938,0.24598149516707427,0.1319182174088444,0.011441532939569907,-0.005622426524433603,0.8199999999999998,100,0.0,50.0,0.9998981085768933,0.9999477164771976
1.0336838436481728,1.6969981643915024,1.2005132598713906,-0.49531504372994617,0.13601072698771607,0.8399999999999999,20,0.0,50.0,0.9927950666562562,0.9997009161808574
0.30186736711647916,1.0617859764748665,0.718197739379363,-0.20643748838699538,0.05502424036891123,0.8399999999999999,30,0.0,50.0,0.9981406762860825,0.9998674937654862
0.10290029368425842,0.787164395241439,0.5065827014548249,-0.11767611371688758,0.0304408921869854,0.8399999999999999,40,0.0,50.0,0.9991652490125817,0.9999199060279241
0.029619284575305736,0.6198321323113006,0.3876436470890133,-0.07761214875785274,0.019564363318730113,0.8399999999999999,50,0.0,50.0,0.999521747550927,0.9999402957117972
-0.0021894977331900394,0.5090626890286906,0.31256179760034725,-0.05597982964844258,0.013795611650487193,0.8399999999999999,60,0.0,50.0,0.9996836287561804,0.9999487328184054
-0.017294974196885304,0.4310285207097742,0.26126782093973777,-0.04287834921824271,0.010357554008574747,0.8399999999999999,70,0.0,50.0,0.9997690141050782,0.999951894027401
-0.02475133604974308,0.37334480368485684,0.22416314213727456,-0.03427961559607509,0.008134037942684543,0.8399999999999999,80,0.0,50.0,0.9998184932147057,0.9999520595963316
-0.028386647297903567,0.3290772563621461,0.19614531966109885,-0.028291704747169417,0.006606516440969653,0.8399999999999999,90,0.0,50.0,0.9998486734996227,0.999950541641737
-0.02999580695228919,0.2940835527430713,0.17427402506014528,-0.02392843258919921,0.005507379482163016,0.8399999999999999,100,0.0,50.0,0.9998676455766942,0.9999478737806309
1.2440763285928442,1.3309021328052255,0.9535228301179663,-0.4949108245208834,0.1335454815186809,0.8599999999999999,20,0.0,50.0,0.9930464812505478,0.9997396321423216
0.5449778393481496,0.8753305560419989,0.606730435122661,-0.2484698486665284,0.06662177526900134,0.8599999999999999,30,0.0,50.0,0.9979255558047082,0.9998805187351346
0.32036532895294373,0.6779047903761385,0.4502521624509024,-0.16418779287146293,0.04367298932891771,0.8599999999999999,40,0.0,50.0,0.9989944703568734,0.9999261774130305
0.21541491827558165,0.5502635346025374,0.35664306908674276,-0.12086702589135422,0.03196731556563404,0.8599999999999999,50,0.0,50.0,0.9994032868980789,0.9999437809288266
0.15723427135745963,0.46173933306054615,0.29460959452117325,-0.0948825313810413,0.024988681598212784,0.8599999999999999,60,0.0,50.0,0.9995994445336297,0.9999507998331021
0.12132987292077879,0.39718021906714784,0.2506617846704885,-0.07774658882883662,0.020408533215671567,0.8599999999999999,70,0.0,50.0,0.9997069103520753,0.9999531549376468
0.09744719602415254,0.34818702062671775,0.21797652308317672,-0.06567768859129439,0.01719528578935675,0.8599999999999999,80,0.0,50.0,0.9997707467472122,0.9999528120778685
0.08065389965206914,0.3098106742494771,0.19275315721780012,-0.05675619808850823,0.01482771278701773,0.8599999999999999,90,0.0,50.0,0.9998109723754582,0.9999508700778419
0.06832966763384471,0.2789734839837623,0.17271666314083683,-0.04991260350045949,0.013016557730416099,0.8599999999999999,100,0.0,50.0,0.9998370358713622,0.9999479512449062
1.2676081311556036,1.0337273473355049,0.7307212534290499,-0.44522408274248537,0.1146742859770355,0.8799999999999999,20,0.0,50.0,0.9940162341621573,0.9997702493917677
0.6308288630456186,0.6838798982643545,0.4711094940634535,-0.2393301974399668,0.06147832779062749,0.8799999999999999,30,0.0,50.0,0.9980841032418875,0.9998909386962055
0.41573238795422945,0.5360522062212574,0.355544863337002,-0.1668055678184168,0.04261273115722809,0.8799999999999999,40,0.0,50.0,0.9990245925880072,0.9999310956937374
0.30619447480507217,0.439864565462176,0.2854932364009859,-0.12763621006741313,0.03248615594912096,0.8799999999999999,50,0.0,50.0,0.9994029787742075,0.9999465100891408
0.24059261474037572,0.37231158856687624,0.23832115967332182,-0.10312212708236905,0.026178206853350757,0.8799999999999999,60,0.0,50.0,0.9995910892537286,0.9999523494910662
0.19730843748345742,0.3224578359086856,0.20442703239451218,-0.08638720366989233,0.021887129998337244,0.8799999999999999,70,0.0,50.0,0.9996968400499124,0.9999540802673089
0.1667930823055836,0.2842369318147387,0.17891970975215926,-0.07426289390312854,0.018786799172052143,0.8799999999999999,80,0.0,50.0,0.999760914107644,0.9999532411998523
0.14421280558978897,0.25404076256925595,0.159041496119878,-0.06508823337763399,0.016445889962556377,0.8799999999999999,90,0.0,50.0,0.9998018017729645,0.9999510086909058
0.12687584933644888,0.22960084089588767,0.14312077520025665,-0.05791077526090175,0.01461787627103372,0.8799999999999999,100,0.0,50.0,0.9998287044945445,0.9999477827533821
1.1974344803387835,0.8030512956147566,0.5497494886916999,-0.3806944859565886,0.09213223141436867,0.8999999999999999,20,0.0,50.0,0.995149465681911,0.9997941654499787
0.6251582163066216,0.5245953950094534,0.35159082804399233,-0.2091712640722496,0.05040616111738562,0.8999999999999999,30,0.0,50.0,0.9984035426205381,0.9998992355813735
0.42942048008389083,0.4100278997021951,0.2654576696375791,-0.14857746314738102,0.035571146206689976,0.8999999999999999,40,0.0,50.0,0.9991676171200138,0.999935047584622
0.32625660816719415,0.3366084022076528,0.21366256011576903,-0.11534617249480614,0.027499131966881016,0.8999999999999999,50,0.0,50.0,0.9994811029199806,0.9999486441979921
0.26250846078013296,0.28526227378176744,0.17880094488432066,-0.09422445986621691,0.022398263054688818,0.8999999999999999,60,0.0,50.0,0.9996391944323104,0.9999536598721456
0.21931975202198395,0.2473918321462539,0.1537102306398151,-0.07961196067701319,0.018884267910428916,0.8999999999999999,70,0.0,50.0,0.9997289286544134,0.9999547873097074
0.18818632198808383,0.21833835532389637,0.13478580600767806,-0.06890607923095345,0.016318032857312214,0.8999999999999999,80,0.0,50.0,0.999783482001318,0.9999535747393444
0.16471018192965872,0.1953589237737847,0.12000422955271198,-0.06072810982108985,0.014362737809481626,0.8999999999999999,90,0.0,50.0,0.9998184197858508,0.999951000115687
0.14639250913405114,0.17673679776527543,0.10814026823237136,-0.054279168874285445,0.012824022821482792,0.8999999999999999,100,0.0,50.0,0.9998412145113316,0.9999474367293553
1.0888492908579537,0.6271763492918341,0.41033685825665844,-0.3179142221930035,0.07169662659721819,0.9199999999999999,20,0.0,50.0,0.9961679532544143,0.9998126130963376
0.576775971966666,0.40109345901396287,0.2577426999020381,-0.17468797538572525,0.03906485807286567,0.9199999999999999,30,0.0,50.0,0.9987327700689372,0.9999058046744657
0.40236034836260265,0.3106425972709021,0.19325180452114846,-0.1245949138169584,0.027616705141106077,0.9199999999999999,40,0.0,50.0,0.9993324588628691,0.9999381212256848
0.30936663799865877,0.25395668456591125,0.15509725385722475,-0.09712916021768704,0.021409241889508848,0.9199999999999999,50,0.0,50.0,0.9995792495544413,0.9999503226674699
0.2512051237285244,0.21473754093759803,0.129610701305939,-0.0796193654620066,0.017483135892939754,0.9199999999999999,60,0.0,50.0,0.9997039603631529,0.9999546658774877
0.2113827308671295,0.1859821476010639,0.11134090579950903,-0.06746311862142883,0.01477291889371077,0.9199999999999999,70,0.0,50.0,0.9997745465124742,0.9999552125488477
0.1824167455498016,0.16400084579944144,0.09759301648836477,-0.058527119827120264,0.012789209109366628,0.9199999999999999,80,0.0,50.0,0.9998173089670588,0.9999536718834126
0.16040762331141825,0.14665582882487982,0.08687003239350224,-0.05168068963824185,0.011274476213089083,0.9199999999999999,90,0.0,50.0,0.9998441296541423,0.9999508442210863
0.14312235305178353,0.13262239801322842,0.07827142436453273,-0.04626751180369717,0.010080083857930845,0.9199999999999999,100,0.0,50.0,0.999861547373598,0.9999471949679768
0.9772410121223642,0.4967060204997816,0.30780213653970934,-0.26495969425195076,0.055630411839883015,0.9399999999999998,20,0.0,50.0,0.9969584295068523,0.9998266701992545
0.5167331098664506,0.3097077452279334,0.18902810087136343,-0.14400137661881818,0.029805343076415705,0.9399999999999998,30,0.0,50.0,0.9990017672896535,0.9999110504917021
0.36192379005365855,0.23711924707120438,0.14029913759395646,-0.10242267761398059,0.020948306225888655,0.9399999999999998,40,0.0,50.0,0.9994722628507364,0.9999406640905772
0.27934695841677615,0.19268595139635347,0.11201374340651905,-0.07979568612826603,0.016200855933720247,0.9399999999999998,50,0.0,50.0,0.9996647113215902,0.9999516612881526
0.2275464706138399,0.16233186999434485,0.0933136199054231,-0.06541129931101282,0.013214498627469363,0.9399999999999998,60,0.0,50.0,0.9997614084894682,0.9999553593185293
0.19196470153654374,0.14024871851216822,0.07999356265122862,-0.05543607360866405,0.01115907853786229,0.9399999999999998,70,0.0,50.0,0.9998157468047539,0.9999555685792603
0.16600563171368843,0.12345563609183532,0.07001302961951783,-0.04810621203423514,0.009657261624752016,0.9399999999999998,80,0.0,50.0,0.9998481131649433,0.9999537308537492
0.14622866790751562,0.11025378022158795,0.062252173109251616,-0.04249064250039746,0.008511746217281822,0.9399999999999998,90,0.0,50.0,0.9998680614852229,0.9999505152681956
0.13066012702612728,0.09960215654650147,0.05604299608803381,-0.03805016053222358,0.007609130500380711,0.9399999999999998,100,0.0,50.0,0.9998803710977411,0.9999466956289116
0.8853039814310298,0.4040853448085498,0.23590529952544848,-0.22516746108760863,0.04435177995929381,0.9599999999999999,20,0.0,50.0,0.9975002674969604,0.9998372715653848
0.4641831834526731,0.24566260940609863,0.14167639415181754,-0.12057917465872033,0.023255732048664414,0.9599999999999999,30,0.0,50.0,0.9991902657527788,0.9999152592515954
0.32482682144640396,0.18594719432548798,0.10403039561560716,-0.08530276865643,0.01620328161413977,0.9599999999999999,40,0.0,50.0,0.9995715630552299,0.9999427405698766
0.2507991611134731,0.15016336727911178,0.0825747956805128,-0.06629103321459591,0.0124755508451545,0.9599999999999999,50,0.0,50.0,0.9997260087096602,0.9999527571051294
0.20440719293115403,0.12601058366835874,0.06853812082015238,-0.05426428667040163,0.010148593131530367,0.9599999999999999,60,0.0,50.0,0.9998029725590607,0.9999559847410557
0.1725413205730562,0.10857354166722072,0.05860730490762566,-0.04594826836541625,0.008554748330950218,0.9599999999999999,70,0.0,50.0,0.9998455504119687,0.9999557966038678
0.1492857345292919,0.0953840570062492,0.051201359511801194,-0.03984911332088912,0.0073940345305379615,0.9599999999999999,80,0.0,50.0,0.9998704678859052,0.9999536491812152
0.131560548925215,0.08505560374155878,0.045462505541272825,-0.03518248570989947,0.006510815069448037,0.9599999999999999,90,0.0,50.0,0.9998853947379431,0.999950370109841
0.11760056317813687,0.07674717173175807,0.04088329019966678,-0.031495840769654566,0.005816135063104237,0.9599999999999999,100,0.0,50.0,0.9998940979607571,0.9999462521241265
0.8251452422827267,0.3420860959386581,0.18776787291774702,-0.1988422356752346,0.03737926330326976,0.9799999999999999,20,0.0,50.0,0.9978192892605005,0.9998452214922986
0.429446803416546,0.20381206121024942,0.1108894508459336,-0.10521414216004817,0.0192362518856975,0.9799999999999999,30,0.0,50.0,0.9993027136640957,0.9999187213905467
0.3000142929571186,0.15286695037292947,0.08069232179288269,-0.07407505900733412,0.01329750282412179,0.9799999999999999,40,0.0,50.0,0.9996310618067912,0.9999444754572702
0.23152541950305475,0.12282044491576147,0.06372864909165762,-0.05742487009572646,0.01019523281745263,0.9799999999999999,50,0.0,50.0,0.9997628473217165,0.9999536852668883
0.18867049832531727,0.1027280079744538,0.052725687126223865,-0.04693718686507762,0.008271806159053919,0.9799999999999999,60,0.0,50.0,0.999827910597841,0.9999564050110885
0.15925512018117016,0.08831047379501183,0.04498529276797916,-0.03970494112893125,0.00696018427543773,0.9799999999999999,70,0.0,50.0,0.9998634580546083,0.999955932029545
0.1377952279852703,0.07745179748356132,0.03923610421732968,-0.03441043753937137,0.006007974130117605,0.9799999999999999,80,0.0,50.0,0.9998838801471746,0.9999534626343041
0.1214412806471955,0.06897573667057585,0.03479447180150067,-0.03036488264486687,0.005285085758372644,0.9799999999999999,90,0.0,50.0,0.9998955091733461,0.9999500615448991
0.10856202672616168,0.06217425692110106,0.03125861946756135,-0.027172110414022663,0.004717524442306891,0.9799999999999999,100,0.0,50.0,0.9999020387045289,0.999945737478441
0.799340820495104,0.30314256902092734,0.15663176212484067,-0.18432193405439629,0.03392445181974052,0.9999999999999999,20,0.0,50.0,0.9979584569518809,0.9998512060467144
0.41563114285493535,0.17865374866175085,0.0918401084808208,-0.09711305918791549,0.01728622855516526,0.9999999999999999,30,0.0,50.0,0.9993528467512846,0.9999216626844251
0.29040582893703204,0.13329922049855386,0.06645471087553337,-0.0682280305118845,0.011898280868779205,0.9999999999999999,40,0.0,50.0,0.9996577028912077,0.9999460522640217
0.2241748768826423,0.10677621964320382,0.0523142157575787,-0.05283474458017979,0.00910138323400884,0.9999999999999999,50,0.0,50.0,0.9997793721141714,0.9999546009919409
0.18272993415826094,0.0891325757395797,0.0431912171331226,-0.043157046985200564,0.0073736615930922195,0.9999999999999999,60,0.0,50.0,0.9998390259778546,0.9999568790126392
0.1542766699855717,0.07651671601208472,0.03679637279324734,-0.03649134962822411,0.006198337939849879,0.9999999999999999,70,0.0,50.0,0.9998712036944399,0.9999560568387915
0.13351393574353312,0.06703899246009745,0.03205885236908715,-0.03161560061091333,0.005346530491482371,0.9999999999999999,80,0.0,50.0,0.9998895643099193,0.9999533946611253
0.11768771792785179,0.05965494064450908,0.028405916652534533,-0.02789222582701701,0.00470068150803234,0.9999999999999999,90,0.0,50.0,0.9998999203436555,0.9999497332544207
0.10522148200511744,0.05373851455873756,0.02550233665908004,-0.02495503458617343,0.004194100083936871,0.9999999999999999,100,0.0,50.0,0.9999052289830421,0.9999452940083108
-3629.948204837698,-759.3082114992121,-2847.3698705480324,79.51233814091003,-893.3569096258057,0.01,10,0.0,50.0,0.5509525360724306,0.46610778877098225
-1656.1864316943193,-202.32074842575062,-1173.1898681981172,92.73945823157692,-352.12998897423665,0.01,20,0.0,50.0,0.0008062543652560346,0.0005376305960892825
-1059.0263824138283,-125.65252471699695,-748.4982491709628,60.48203804683967,-224.3066724074421,0.01,30,0.0,50.0,0.14225570081546984,0.10734994607565013
-780.1628482568123,-92.51128408560402,-551.3863684045801,44.57283450124019,-165.23147658345349,0.01,40,0.0,50.0,0.29093776912973235,0.26064772567792865
-617.9416531689425,-73.2744856664749,-436.7348359243459,35.30493598223351,-130.8740467457003,0.01,50,0.0,50.0,0.20681992392533877,0.22711180152655253
-5.752605307078144,-1.146362276900467,-3.370393418848354,0.19966874172138424,0.32424601677512965,0.2575,10,0.0,50.0,0.9439555258934955,0.9301638635306779
-2.9988522455653053,-0.37688554040573424,-1.6386448011945658,0.21092742046792426,0.15370961658648635,0.2575,20,0.0,50.0,0.987044319892522,0.9818882774330565
-1.9685472592207074,-0.24132363688451056,-1.0739855355087995,0.14093838913224893,0.10053995065734793,0.2575,30,0.0,50.0,0.9938972366593721,0.9912024139942479
-1.4625581789121336,-0.1790330284141842,-0.7977457035214188,0.10491823125765842,0.074814208932156,0.2575,40,0.0,50.0,0.9964611971648953,0.994820756250303
-1.1635361278116974,-0.14234269701872646,-0.634561113179782,0.08355268895486408,0.059578582572218514,0.2575,50,0.0,50.0,0.9976975142650799,0.9965986498305879
-1.5210713009160222,-0.015371219821807534,-0.7530312320225595,0.4473840625155564,-0.03840247065175319,0.505,10,0.0,50.0,0.9766682931185213,0.9689882211232179
-0.5100030797690579,0.012365293819824399,-0.2478384523496896,0.19065562003637243,-0.022831604388594603,0.505,20,0.0,50.0,0.9971366128336545,0.9958717287967075
-0.33434254011702147,0.007639819066676,-0.16274635330277287,0.1250734152969668,-0.014904440371507469,0.505,30,0.0,50.0,0.9989924718737493,0.9984654236380938
-0.24959993286117887,0.00553407898644832,-0.1215907481232249,0.09325766457219661,-0.011073831156472458,0.505,40,0.0,50.0,0.9994892881342727,0.9992034155285393
-0.199207310616465,0.0043470606496139935,-0.09708149032755053,0.07438062707915116,-0.008815884910944967,0.505,50,0.0,50.0,0.9996879777748113,0.9995091968182366
-8.576004574711725,4.954151617398966,-2.303936032980868,-0.20733988572133621,0.09035733991481118,0.7525,10,0.0,50.0,0.914277249854025,0.9909190190229707
-1.1107136157779607,0.7812737630709068,0.19948394153552468,0.36171968082351513,-0.1447259673465908,0.7525,20,0.0,50.0,0.9983294893641647,0.9993935264726161
-0.48216603563162247,0.26360039079469827,0.041172372266921685,0.16391004884620233,-0.06289351735015461,0.7525,30,0.0,50.0,0.9996647988835097,0.9997658939673983
-0.31302558164560806,0.1567528531172596,0.01598536404494207,0.1069825594119672,-0.04050387054098298,0.7525,40,0.0,50.0,0.9998462600501725,0.9998697831313673
-0.23275644527010309,0.11155616341460767,0.008108804948726433,0.07974066206325622,-0.029999729380950434,0.7525,50,0.0,50.0,0.9999042018440909,0.9999112863918821
5.50218170277898,2.259342010248881,-0.6310536603463205,-1.42669701433469,0.2454295840478805,1.0,10,0.0,50.0,0.9426438454104832,0.9989081531036266
0.7993408212424042,0.30314256925028377,0.15663176231119996,-0.1843219342460603,0.03392445185684448,1.0,20,0.0,50.0,0.997958456948863,0.9998512060467137
0.4156311390353046,0.17865374643718052,0.09184010761798792,-0.09711305819292367,0.01728622838424993,1.0,30,0.0,50.0,0.9993528467601339,0.9999216626844261
0.2904058288366435,0.13329922044171763,0.06645471086243612,-0.0682280304938072,0.01189828086639719,1.0,40,0.0,50.0,0.9996577028896527,0.9999460522649047
0.2241748773631019,0.10677621987388683,0.0523142158693237,-0.052834744693435534,0.009101383253466554,1.0,50,0.0,50.0,0.9997793725792301,0.9999545985332056
-90697.46676285908,-18963.94533940126,-71191.1323637119,2002.2407692419292,-22397.31626012813,0.002,10,0.0,50.0,0.2648431234562185,0.027663579315602538
-2454.272975006957,-513.490623325167,-1924.5227752324558,53.55008095565884,-602.9891042831789,0.012163265306122448,10,0.0,50.0,0.33134932370512676,0.49440845292827135
-729.9351330780277,-152.95608854852645,-571.0067797944541,15.474199754635215,-177.11743050647962,0.022326530612244898,10,0.0,50.0,0.04910766458983591,0.03440163121065944
-345.85007464109566,-72.65074789791404,-269.52680715477544,6.997174076679104,-82.26488180644245,0.03248979591836734,10,0.0,50.0,0.30122314995641364,0.19428755373512027
-201.60818057668266,-42.493668167160884,-156.3145244769553,3.818467220832434,-46.651614693021294,0.042653061224489794,10,0.0,50.0,0.41528978967461744,0.3855737387463927
-132.27799705202904,-27.999644518572094,-101.90636808019897,2.2959188794420755,-29.542427013776482,0.052816326530612245,10,0.0,50.0,0.47821882272826083,0.45370539032911805
-93.72039654411594,-19.93944332482788,-71.65487216281493,1.4548884130588584,-20.03549580619012,0.06297959183673468,10,0.0,50.0,0.561511591569237,0.5197582441980972
-70.09378301465779,-15.000400360738379,-53.124815551194764,0.9456843109264199,-14.218071163409599,0.07314285714285713,10,0.0,50.0,0.6396327788094525,0.5934376770377328
-54.57523201650778,-11.755480252803522,-40.960308166314974,0.6178311365064805,-10.405054628851195,0.08330612244897959,10,0.0,50.0,0.7032578065106896,0.6574179432277936
-43.832386119937226,-9.507436112717015,-32.54553952471218,0.39798978898241344,-7.773724420673695,0.09346938775510204,10,0.0,50.0,0.7541845250130348,0.7098233459398362
-36.08002137691446,-7.882480978654864,-26.47930305080573,0.2470290762399555,-5.883776028086904,0.10363265306122449,10,0.0,50.0,0.7946563801987762,0.7526638053582749
-30.291371367207425,-6.665410990447047,-21.955929187285513,0.14258693440513287,-4.4825306607804505,0.11379591836734693,10,0.0,50.0,0.8265330699648405,0.7875689964499261
-25.84180760111476,-5.725137046862064,-18.485576116229804,0.07116840065274534,-3.4168888808921207,0.12395918367346938,10,0.0,50.0,0.8514606048344996,0.8158518520849906
-22.33381498625871,-4.978130882097589,-15.756807699659122,0.024238002244930636,-2.5900221118279134,0.13412244897959183,10,0.0,50.0,0.8708693124509773,0.8386470078177473
-19.50504048299343,-4.369245943664998,-13.564361645526452,-0.0038585044800128797,-1.9385473505354376,0.14428571428571427,10,0.0,50.0,0.8859711423846055,0.8569445041454897
-17.177224539275667,-3.8610864727723704,-11.768994741886221,-0.01706879160009879,-1.4197737551103105,0.15444897959183673,10,0.0,50.0,0.8977675652249155,0.8716053510212394
-15.226464293563675,-3.4278297922133514,-10.274064579688986,-0.018329434047528233,-1.0042058116110675,0.16461224489795917,10,0.0,50.0,0.9070627239182025,0.8833684573773403
-13.565160769425662,-3.0514765621320357,-9.011282207682795,-0.00998764471880705,-0.6709373293961303,0.1747755102040816,10,0.0,50.0,0.9144830494964384,0.8928543730940853
-12.130631898068868,-2.719472559896105,-7.931705087920327,0.005946321624202829,-0.4047157363952274,0.18493877551020407,10,0.0,50.0,0.920502980716692,0.9005711389496814
-10.877664071584325,-2.423127245479483,-6.999837955253298,0.027659494792366617,-0.1940210403526751,0.1951020408163265,10,0.0,50.0,0.925473735409665,0.9069244147585359
-9.773465928597203,-2.1565077191749653,-6.189642933837243,0.05347489681143284,-0.029793929515738983,0.20526530612244898,10,0.0,50.0,0.9296514050116336,0.9122311792994187
-8.794134467802179,-1.9156268922557924,-5.481765272163332,0.0818440006687043,0.09539984812382933,0.2154285714285714,10,0.0,50.0,0.9332216349611636,0.9167349837365122
-7.922107220468101,-1.697825307581311,-4.86156309218341,0.11137229586272322,0.1879007217104722,0.22559183673469385,10,0.0,50.0,0.9363196210366049,0.9206207913263533
-7.144284450138014,-1.5012928497135998,-4.317690600426909,0.1408594672905185,0.25327121578897877,0.23575510204081632,10,0.0,50.0,0.9390453150983726,0.9240281226732809
-6.450628806297947,-1.3247026693471466,-3.8410772794342796,0.16933817114856758,0.29646258070941905,0.24591836734693875,10,0.0,50.0,0.941474394812666,0.9270619591121955
-5.833122415279609,-1.1669423867848276,-3.424199581592618,0.19609909777577667,0.3218844867859995,0.2560816326530612,10,0.0,50.0,0.943665804724098,0.9298013805055271
-5.285003424645995,-1.0269319146745903,-3.0605731269953482,0.22069490642715434,0.33342001008188243,0.26624489795918366,10,0.0,50.0,0.9456666940327813,0.9323061956743494
-4.800227546729233,-0.9035167716434593,-2.744412103771613,0.24292097443224525,0.33441872081432056,0.2764081632653061,10,0.0,50.0,0.9475154871976903,0.9346219240308271
-4.373112769550092,-0.795423471549791,-2.470414306149853,0.26277577676281266,0.3276911565748522,0.28657142857142853,10,0.0,50.0,0.9492436859638598,0.9367834934485748
-3.9981319550235885,-0.7012615684971948,-2.233638381441449,0.28040725995031995,0.3155186585905662,0.29673469387755097,10,0.0,50.0,0.9508769035120259,0.9388179474738247
-3.6698216884548933,-0.6195564176860404,-2.029446225101948,0.2960533433779299,0.2996842952693754,0.30689795918367346,10,0.0,50.0,0.9524354589114081,0.940746444457165
-3.382778409993482,-0.548798005346824,-1.8534889164740211,0.3099846846623285,0.2815241627613122,0.3170612244897959,10,0.0,50.0,0.9539348388541564,0.9425857109243991
-3.1317156177657073,-0.48749397997038,-1.7017194434218688,0.32245647825091,0.2619941392047917,0.32722448979591834,10,0.0,50.0,0.9553861456682048,0.9443491063549888
-2.9115591550747943,-0.43421857405757436,-1.5704197320873348,0.3336739095245954,0.24174512895458097,0.3373877551020408,10,0.0,50.0,0.9567966545254535,0.9460474102874915
-2.7175612321712217,-0.3876526684251035,-1.4562330981576528,0.3437735512594703,0.2211995587722495,0.3475510204081632,10,0.0,50.0,0.9581704938498188,0.9476893905868854
-2.5454175555423824,-0.3466131903349308,-1.3561960661711163,0.3528208994125112,0.2006227904328982,0.3577142857142857,10,0.0,50.0,0.9595094497523734,0.9492822289625455
-2.3913753763315144,-0.3100719968789591,-1.2677655228541307,0.3608226171697254,0.18018460961534155,0.36787755102040814,10,0.0,50.0,0.96081385590498,0.950831837721979
-2.25232313595817,-0.2771653064968066,-1.1888384091682487,0.36775089948156514,0.16000759034322323,0.3780408163265306,10,0.0,50.0,0.9620835064482756,0.9523430967780703
-2.1258545694579225,-0.24719478087195595,-1.1177617249919516,0.3735765573792871,0.14020066266754896,0.388204081632653,10,0.0,50.0,0.9633185223788567,0.9538200272607784
-2.010301739662975,-0.21962087660054763,-1.0533307196751895,0.37830678554612773,0.12087755874104802,0.39836734693877546,10,0.0,50.0,0.9645201242290002,0.9552659330347261
-1.9047328263610677,-0.1940485200052489,-0.9947730496287456,0.38202300847985327,0.10216103280950577,0.40853061224489795,10,0.0,50.0,0.9656912023182959,0.9566835013909947
-1.8089119900869757,-0.1702049375328397,-0.9417167254691629,0.3849137177739606,0.08417493173106752,0.4186938775510204,10,0.0,50.0,0.9668366704073257,0.9580748965385473
-1.7232206844014173,-0.14790991448452534,-0.8941401849769255,0.38729699412676455,0.06702736664642685,0.4288571428571428,10,0.0,50.0,0.9679634871145668,0.9594418218809274
-1.6485426673519656,-0.1270399456620974,-0.8523040813514114,0.3896277578679197,0.05078930997594397,0.43902040816326526,10,0.0,50.0,0.9690803630384914,0.9607855894723769
-1.5861186114387613,-0.10748945247629625,-0.8166664468952369,0.39248602967605,0.03547367889828173,0.4491836734693877,10,0.0,50.0,0.970197091862313,0.9621071644130059
-1.5373802404447374,-0.08913393318086749,-0.7877855994992988,0.39654478493665674,0.02102004991148257,0.45934693877551014,10,0.0,50.0,0.9713235804562241,0.963407218986452
-1.5037775504960986,-0.07180085082628046,-0.7662179883998368,0.402519199399754,0.007289308350558161,0.46951020408163263,10,0.0,50.0,0.9724686231683826,0.9646861741475186
-1.4866149636164552,-0.055253596220515566,-0.7524203851387505,0.4111026551588289,-0.005929286368306435,0.47967346938775507,10,0.0,50.0,0.973638583740926,0.9659442335346886
-1.4869123841177037,-0.03919173021536983,-0.7466666430683643,0.4228979220782677,-0.018898677617703898,0.4898367346938775,10,0.0,50.0,0.9748361319790757,0.9671814283143814
-1.5053047011764262,-0.023267257954586403,-0.7489881707642176,0.43835351475770296,-0.0319049634121701,0.49999999999999994,10,0.0,50.0,0.9760592262024701,0.9683976463365809
