tf,full,full_orig,interm,interm_orig,sta
0.05,0.6998249142470185,0.705672602111526,0.5725346643808907,0.5795689965851042,0.5541073500416855
0.05454545454545454,0.7357067499870028,0.7404189560602386,0.6171400223757618,0.6243259397406972,0.5983663441739026
0.05909090909090909,0.7668721252486035,0.7701117094895353,0.657761920183636,0.6651341954495505,0.6384617948935685
0.06363636363636363,0.7940466038660114,0.7955848778951882,0.6948517977550867,0.7023203776378018,0.6751948277922493
0.06818181818181818,0.8178151243511844,0.8175615486948358,0.7284135900207976,0.7358778534851869,0.70864367196825
0.07272727272727272,0.8386346146038508,0.8366289101467722,0.7585599587892682,0.7659371977698499,0.7388818492762719
0.07727272727272727,0.8568750798709117,0.8532530516685654,0.7855036603251423,0.792724933816617,0.7660855695231132
0.08181818181818182,0.8728502098926748,0.8678050198123092,0.8094887248493025,0.8164964816330049,0.7904708251427655
0.08636363636363636,0.8868337271351542,0.8805839867044071,0.8307651330421685,0.8375129996088623,0.8122613544470467
0.09090909090909091,0.8990677235654027,0.8918349990119334,0.8495801019191458,0.8560325351577431,0.8316792682717596
0.09545454545454546,0.9097673070859641,0.9017620288092936,0.8661728601909104,0.8723044025204232,0.8489406367917498
0.1,0.9191236184541266,0.910537362005932,0.8807710468012193,0.8865653565570435,0.8642523662629615
0.10454545454545454,0.9273061522393831,0.9183082490335019,0.893588394783042,0.8990371647312398,0.8778100546606488
0.10909090909090909,0.9344647796527545,0.9252016175477709,0.9048233698610579,0.9099251996338664,0.8897966412310911
0.11363636363636363,0.9407316207655826,0.9313274902237505,0.9146585097833497,0.9194177810068997,0.9003816622392922
0.11818181818181818,0.9462228104643,0.9367815420241081,0.923260292843663,0.9276860813550063,0.9097209714111785
0.12272727272727273,0.9510401593780466,0.9416470993508469,0.9307794032398564,0.9348844561245571,0.9179568166321361
0.12727272727272726,0.9552727015358973,0.9459967738042989,0.9373512880727313,0.9411510856056311,0.9252181855807851
0.1318181818181818,0.958998121625581,0.9498938412389624,0.943096927016502,0.9466088433218903,0.9316213492686276
0.13636363636363635,0.9622840591917015,0.9533934391408876,0.9481237377024677,0.9513663100885417,0.9372705453617265
0.1409090909090909,0.9651892915475455,0.9565436164146502,0.9525265866520644,0.9555188933683569,0.9422587546115333
0.14545454545454545,0.9677648007383893,0.9593862626040517,0.9563888312637109,0.9591499797039233,0.9466685327647426
0.15,0.9700547313453718,0.9619579258104415,0.9597833737877914,0.962332094377454,0.9505728678318114
0.15454545454545454,0.9720972472011845,0.9642905324739339,0.9627737138606709,0.9651280475987503,0.9540360387680582
0.1590909090909091,0.973925294995645,0.9664120155055623,0.9654149485215342,0.9675920221475911,0.95711445654904
0.16363636363636364,0.9755672826255224,0.9683468583101785,0.9677547270903454,0.9697706019605442,0.9598574732722553
0.16818181818181818,0.977047679779336,0.9701165631635523,0.9698341399476338,0.9717037237403987,0.9623081481138425
0.17272727272727273,0.9783875472899416,0.9717400514498525,0.9716885367854062,0.9734255459326767,0.9645039627032344
0.17727272727272728,0.9796050026178118,0.9732340047039676,0.9733482697808795,0.9749652318337857,0.9664774812226805
0.18181818181818182,0.9807156269468174,0.9746131527996653,0.9748393620420506,0.9763476484201434,0.968256952531708
0.18636363636363637,0.9817328192002085,0.9758905182807043,0.9761841017442765,0.9775939828349541,0.9698668541803364
0.19090909090909092,0.9826681046957226,0.9770776214743214,0.977401567897633,0.9787222823826647,0.9713283798078238
0.19545454545454546,0.9835314007797888,0.9781846539933788,0.978508088771614,0.9797479227258774,0.9726598719616089
0.2,0.9843312461901967,0.9792206263781655,0.979517641597775,0.9806840122307956,0.9738772043679277
0.20454545454545456,0.9850749979996458,0.9801934926952561,0.9804421999414231,0.9815417390465442,0.974994116646438
0.20909090909090908,0.9857690003232253,0.9811102567965213,0.9812920287306521,0.9823306675148411,0.9760225070916204
0.21363636363636362,0.9864187285633104,0.9819770652995503,0.982075940585899,0.98305898854338,0.9769726863748991
0.21818181818181817,0.9870289123906573,0.9827992877361508,0.9828015124069079,0.9837337343492852,0.9778535957221817
0.22272727272727272,0.987603639323317,0.9835815875731517,0.983475273094303,0.9843609602837211,0.9786730089333369
0.22727272727272727,0.9881464534355113,0.9843279845735013,0.9841028571907884,0.984945891365203,0.9794376714728296
0.2318181818181818,0.9886604127715173,0.9850419244615021,0.9846891454748029,0.9854930490505418,0.9801534598129308
0.23636363636363636,0.9891481724225238,0.985726313822153,0.9852383652929497,0.9860063806482526,0.9808255090842626
0.2409090909090909,0.989612045792376,0.9863835898254476,0.9857542185739098,0.9864893095771534,0.9814582774965781
0.24545454545454545,0.9900540103117207,0.9870157550513512,0.9862398966552608,0.9869448340156154,0.9820557077715549
0.25,0.9904758275293717,0.9876244579189182,0.986698246331435,0.9873756275569424,0.982621218965423
0.2545454545454545,0.9908789988339015,0.988210990240124,0.9871317395550434,0.987784011080588,0.9831578385438597
0.2590909090909091,0.9912648461924158,0.9887763811717879,0.987542568596873,0.9881720613625729,0.9836682122943767
0.2636363636363636,0.9916345157811521,0.9893213969254406,0.9879326692655175,0.9885416157120126,0.9841546851322402
0.2681818181818182,0.9919890036582244,0.9898466078885503,0.9883037586701598,0.988894311008621,0.9846193146632758
0.2727272727272727,0.992329181561544,0.9903524194250484,0.9886573712632176,0.9892316145512767,0.9850639237016902
0.2772727272727273,0.9926558147594907,0.9908391076342524,0.9889948682623904,0.9895548335940441,0.9854901280817763
0.2818181818181818,0.9929695760468957,0.9913068819378772,0.9893175044540101,0.9898651637588879,0.9858993584473086
0.2863636363636364,0.9932710593938453,0.9917558705404237,0.9896263855119484,0.9901636624772129,0.9862929085008856
0.2909090909090909,0.9935608132723401,0.9921861795680512,0.9899225128385829,0.9904512711737841,0.9866719130802073
0.29545454545454547,0.993839291919018,0.9925979089300934,0.9902067905294043,0.9907288735061448,0.9870373795372803
0.3,0.9941069500200526,0.9929911713775406,0.9904800696805607,0.9909972257502266,0.9873902417766485
0.30454545454545456,0.9943641648490524,0.9933661340325942,0.9907430827477675,0.9912570104338794,0.9877312948738532
0.3090909090909091,0.9946112880240277,0.9937229804058505,0.9909965478097078,0.9915088646119338,0.988061300465654
0.31363636363636366,0.9948486735557492,0.9940619546673104,0.9912410684144242,0.9917533124571171,0.9883808947017838
0.3181818181818182,0.9950766117914314,0.9943833900674193,0.9914772566613799,0.9919908633286606,0.9886907044502253
0.32272727272727275,0.9952954222820646,0.9946876382824427,0.9917056111838158,0.9922219141687103,0.9889912423112492
0.32727272727272727,0.9955053620013807,0.9949751727594595,0.9919266575677231,0.9924468625406749,0.9892830281701639
0.33181818181818185,0.9957067284315616,0.9952464770223314,0.9921408086870432,0.9926659974297786,0.9895664801826969
0.33636363636363636,0.9958997586009474,0.9955021050578217,0.992348517232515,0.9928796171566351,0.9898420134571395
0.3409090909090909,0.9960847342157347,0.9957426895070515,0.992550127026844,0.9930879225755397,0.9901100254406482
0.34545454545454546,0.9962618828743586,0.9959688563537613,0.9927460240802338,0.9932911064870253,0.990370810809763
0.35,0.9964314572704824,0.9961813183683531,0.992936500367476,0.9934893485772128,0.9906247207096077
0.35454545454545455,0.9965937278154466,0.9963807510021361,0.9931218616435696,0.9936827213381654,0.9908720058072116
0.35909090909090907,0.9967488917731364,0.9965679032093742,0.9933024092971465,0.9938713336388043,0.9911129397073586
0.36363636363636365,0.9968972251061925,0.9967434624755311,0.993478350043241,0.9940552788390861,0.991347791272482
0.36818181818181817,0.9970389264643138,0.9969081517305939,0.9936499303790365,0.9942345503134118,0.9915767451405679
0.37272727272727274,0.9971742411418918,0.9970626846739898,0.9938173879023684,0.9944092003303913,0.9918000230546948
0.37727272727272726,0.997303417682829,0.997207686036433,0.9939808683018236,0.9945792706479664,0.9920178212399111
0.38181818181818183,0.9974266421922288,0.9973438233893032,0.9941405667055364,0.994744719777009,0.9922303453114997
0.38636363636363635,0.9975441529578652,0.9974716506578809,0.994296643662484,0.9949055751612239,0.9924377138236445
0.39090909090909093,0.9976561839915012,0.9975917280681452,0.9944492676333319,0.9950618412763008,0.9926401061942733
0.39545454545454545,0.997762912070828,0.9977045653590597,0.9945985213160131,0.9952135483333385,0.9928376694852098
0.4,0.9978645624971921,0.9978105739329962,0.9947445463714691,0.9953606669547694,0.9930305422171479
0.40454545454545454,0.9979613374712245,0.997910159345764,0.9948874488465507,0.9955032460883264,0.9932188768191572
0.4090909090909091,0.9980534528101406,0.9980036608151697,0.9950273235860381,0.9956413281962407,0.9934027502976179
0.41363636363636364,0.9981410694768542,0.9980913710436106,0.9951642802567433,0.9957749730684108,0.9935823002782599
0.41818181818181815,0.9982243911106278,0.9981735473409111,0.9952983517336171,0.9959042630763767,0.9937576364142334
0.42272727272727273,0.9983036033768397,0.9982503688015254,0.9954296281528292,0.9960293221035499,0.9939288629560181
0.42727272727272725,0.9983788859058691,0.9983220200928838,0.9955581721296088,0.9961502383669837,0.9940960789847565
0.4318181818181818,0.9984504124312257,0.9983886449612742,0.9956840401064595,0.9962671874559553,0.9942593773940697
0.43636363636363634,0.9985183645371175,0.9984503660078027,0.9958072821090828,0.9963803493469066,0.99441885152814
0.4409090909090909,0.9985828836269285,0.9985072938970005,0.9959279468665514,0.9964899330427834,0.9945745861395944
0.44545454545454544,0.9986441423745924,0.9985595350906908,0.9960460784717681,0.996596169567722,0.9947266635427533
0.45,0.9987022988523768,0.9986072001304498,0.9961617165669976,0.9966993098934749,0.99487516433075
0.45454545454545453,0.9987575052802709,0.9986504115686456,0.9962748996463772,0.9967996232182217,0.995020164499794
0.4590909090909091,0.9988099104752521,0.9986893088560223,0.9963856638332766,0.9968973912890311,0.9951617376498916
0.4636363636363636,0.9988596553464634,0.9987240659874301,0.9964940467282343,0.9969928875773786,0.9952999546329719
0.4681818181818182,0.9989068888611679,0.9987548811435722,0.9966000652789645,0.9970864303873914,0.9954348683515932
0.4727272727272727,0.9989517441471855,0.9987819924641343,0.9967037839925963,0.9971782861733679,0.9955665756532137
0.4772727272727273,0.998994346867363,0.9988056787806524,0.9968052204684574,0.9972687222345309,0.9956951247915123
0.4818181818181818,0.9990348414233212,0.9988262614778539,0.9969044067118562,0.9973579841404512,0.9958205773226154
0.4863636363636364,0.9990733456825148,0.9988441051946882,0.9970013736909951,0.997446289041752,0.9959429928695943
0.4909090909090909,0.9991099810236559,0.9988596120658728,0.9970961395989906,0.9975338075659335,0.9960624292945792
0.4954545454545455,0.9991448646915637,0.9988732352272447,0.9971887595615014,0.9976207035502085,0.9961789289755167
0.5,0.9991781100575428,0.9988854494963124,0.9972792453458507,0.9977070737431971,0.9962925750005808
